id	z	HR	HR.95L	HR.95H	pvalue
VDAC1	4.88129326117538	1.92471666480562	1.47974290673369	2.50349856243451	1.05392374543273e-06
SLC25A42	-4.51148683900593	0.528000753569911	0.400070274160568	0.696839564887302	6.43747782688972e-06
ABAT	-4.26859181909163	0.621924671970958	0.500069716176063	0.773472748087797	1.96710853842813e-05
IVD	-4.05253924051833	0.649886305725834	0.527616465613279	0.800490958672124	5.06647227456143e-05
FAM210B	-3.82912553738865	0.624160608454096	0.490362671242651	0.794465990158965	0.000128599398348895
AMT	-3.77588313500604	0.697308237626977	0.578296584774494	0.840812121434279	0.000159441737729589
PXMP4	-3.74019503485213	0.750140426131042	0.645229002115001	0.872109990517396	0.000183877521698949
ACSS1	-3.72832876860405	0.736361711116943	0.626933820452469	0.864889645302174	0.000192753810142251
PGS1	-3.54363745685945	0.586949410402012	0.437134547881416	0.78810886039766	0.000394647525139081
HTATIP2	3.49481646306011	1.44096742063906	1.17402592906011	1.76860413040916	0.000474387850098089
HSPD1	3.49389861838103	1.47040847057514	1.184433554356	1.82543044511661	0.000476021750287651
VDAC2	3.47053455954936	1.6092009984572	1.23006580374168	2.10519457215922	0.000519423496300709
PAICS	3.46073484438958	1.44768307146405	1.17402444153373	1.78513002051788	0.000538703131353235
HSDL1	-3.43512754933143	0.61170318764267	0.462113159559884	0.809716802110922	0.000592274989419907
MOCS1	-3.39803119625051	0.63956424387909	0.494218882167616	0.827654379077133	0.0006787267994032
YARS2	3.38299200130067	1.5863382082016	1.21421293128055	2.07251038592242	0.000717007205424973
TOMM40	3.37358414440666	1.41382677470218	1.15616535042791	1.72891027059836	0.000741963656649786
CPS1	3.32169485254302	1.09306202365346	1.03715212655916	1.1519858629777	0.000894724854794016
CYCS	3.28405850760167	1.43089119459381	1.1554171016541	1.77204371290243	0.00102323677595159
GCDH	-3.27211911575076	0.570129863910578	0.407197148638178	0.798257214741751	0.00106744592923629
ECHDC2	-3.25391849137218	0.700347776897781	0.565119251159235	0.867935409383991	0.0011382493363151
TMEM11	3.24931720288982	1.677211145327	1.22777301671516	2.29117042622034	0.00115682401753174
ACAD8	-3.24671044860996	0.729982008333517	0.603666210455061	0.882729103040138	0.00116747099025618
ADHFE1	-3.20199337694098	0.680999333751223	0.538287793887698	0.861546737332045	0.00136480135940212
HSPA9	3.1999461833906	1.5570470566558	1.18718146329231	2.04214402903253	0.00137453250501541
CAT	-3.18762629687899	0.729919605925219	0.60146097265096	0.88581413481538	0.00143445797250852
ISCU	-3.17843600734748	0.554136909575787	0.385052589448318	0.797469548235356	0.00148071899897961
DTYMK	3.15789717573517	1.39243238013812	1.13380931985092	1.71004762380331	0.0015891159875428
HEMK1	-3.14095648096644	0.529525461115223	0.356116102789535	0.787375835501055	0.0016839705314082
MRPL15	3.12537427041518	1.35448019701877	1.11978917111745	1.6383589441977	0.00177578963719256
COQ10A	-3.12154321035804	0.594171713403752	0.428504254922725	0.823889193522282	0.00179905844101611
ACADSB	-3.096748801077	0.733676430158656	0.603088479658941	0.892540849851349	0.00195655595330583
ARMCX6	-3.07515815757094	0.631877727486115	0.471591259006084	0.846643051303598	0.0021039095435125
MTHFS	3.05820093896936	1.54997067463302	1.17043544321988	2.05257718923249	0.0022267021138802
MTFR1L	-3.04959899670819	0.54414564035082	0.368010690834214	0.804581185512875	0.00229147098551226
ALDH2	-3.03588843894445	0.785974290681403	0.672797172578784	0.918189925270228	0.00239828083193494
SFXN1	3.0334872398794	1.51321661499789	1.15788478274672	1.97759272599971	0.002417449344845
CYP27A1	-3.02203796164645	0.811587599275126	0.708817187675243	0.929258548960223	0.0025107905865332
LYRM9	-3.01337984894935	0.551034607718747	0.373969612324917	0.811935325482923	0.00258355321611692
MAOB	-2.984807145656	0.809958555097897	0.705269638101557	0.930187300763693	0.00283757163428778
SUOX	-2.97761406732807	0.636223220999501	0.472431458672835	0.85680150952711	0.00290501524223623
MPC1	-2.97483809969179	0.686195829697421	0.535417218169673	0.879435140886552	0.00293143216935628
COA6	2.95650926005137	1.31444783291321	1.09654033082353	1.57565851148641	0.0031114288852926
TTC19	-2.94345826009039	0.650607791012196	0.488668041381592	0.866212769979834	0.00324567586736834
DARS2	2.94335604118331	1.38813163187089	1.11580137830125	1.72692870332726	0.00324674784209337
SLC25A16	-2.943119160734	0.667107459483172	0.50947087233743	0.873518755755954	0.00324923325910751
ETHE1	2.92063161771245	1.32170118077789	1.09608369391986	1.59375969276796	0.00349322608648066
MRPS35	2.92002414967282	1.39276907577025	1.11507812512005	1.73961416220328	0.00350004261858296
UNG	2.89480869829237	1.39278882263691	1.11292544293274	1.7430284452393	0.003793896660326
TXNRD1	2.89354695528721	1.1516809018691	1.04661848325683	1.26728977268075	0.00380917331571386
PDP2	-2.87495621102522	0.548682500966471	0.364423746169693	0.826105570866498	0.00404083534942235
PPM1K	-2.86573014211502	0.666560994812206	0.50507793836546	0.879673266353505	0.0041604873672523
PDK2	-2.85417710092123	0.67628355999898	0.516985382631027	0.884666121887845	0.00431484700705025
OPA3	2.84450948252125	1.5995058697872	1.15726453224726	2.21074694349752	0.00444798618650396
PPOX	-2.82900426155299	0.684220745883967	0.526039618228478	0.889967243673791	0.00466930771972211
MMADHC	2.8249366912594	1.52452647621435	1.13782230491236	2.04265724678121	0.00472899587226304
DUT	2.82093966821997	1.54938996245956	1.14298027491981	2.10030681057805	0.00478832073128684
TBRG4	2.81866063883695	1.44930262886328	1.11968700698412	1.87595113360086	0.00482244738186429
SAMM50	2.79505603072577	1.71812791283641	1.17551624753257	2.51120606037034	0.00518907207890288
NSUN4	-2.77448647516066	0.513793779617692	0.320983806737268	0.822421699889395	0.00552889329308312
GLRX2	2.77257787420793	1.49803473799696	1.12575438773963	1.99342600898184	0.00556142109178164
ACOT7	2.76424488399295	1.34358524625585	1.08973242688791	1.65657299848533	0.00570547027429407
LDHD	-2.75525714955176	0.819040324837374	0.710615419465635	0.944008580920121	0.00586460229327321
LETM1	2.75455382374004	1.5271440940523	1.12990721083351	2.06403593289613	0.00587722221817677
AK2	-2.75400198477777	0.662961986761761	0.494818493247166	0.888242056206978	0.00588714111405678
BCL2L1	2.75117081148013	1.37951013262368	1.09694123237466	1.73486796725809	0.00593826702344745
DHRS1	-2.74642143060267	0.66173290725532	0.492849418213158	0.888487283057296	0.00602493151966266
MRPL51	2.74403621570448	1.43471080341222	1.10864717569227	1.85667283023782	0.00606888421960525
AGMAT	2.70492629612035	1.35215321280051	1.08664021746163	1.68254246576448	0.00683195460659411
MTFR2	2.70146143304544	1.31703679372432	1.07851762747574	1.60830557779888	0.00690354863453418
SIRT4	-2.69956946148758	0.58897680613355	0.40103563150055	0.864994656123969	0.00694292605085356
CHCHD2	2.69719477815907	1.28499200469057	1.07094216414866	1.54182411281874	0.00699263557080824
HINT3	-2.6843325479246	0.668259698799371	0.49788512680983	0.896935861291548	0.00726747788310606
AK4	2.67147428672051	1.2114096868107	1.05240625195676	1.39443625175185	0.00755188581351873
MRPS24	2.66149148116272	1.3639723463773	1.08525710318974	1.71426711349222	0.00777953094626585
FHIT	-2.65410218436486	0.582657208211454	0.391001760175696	0.868255483372291	0.00795197421309502
MRPS12	2.65016149174937	1.29807845323584	1.07030522607089	1.57432443541443	0.00804533045056356
NDUFAF7	-2.64361039692982	0.581914294070127	0.389516882909267	0.869344206890289	0.00820270116316139
ACCS	-2.63519882362882	0.763042249713272	0.624011426594834	0.933049380240807	0.00840880120668955
MRPL44	2.62454625061517	1.58365501049352	1.12346008195572	2.23235630045296	0.00867645078438082
MRPL10	2.62311668920063	1.58482360127317	1.1234593815637	2.23565345429451	0.00871294253885631
VPS13D	-2.61617213669497	0.707615985360062	0.546097473980211	0.916906608425798	0.00889217162917086
HAGH	-2.59781969216241	0.69285000329125	0.525299633816015	0.913842493232765	0.00938177430837663
SLC25A29	-2.59759294055537	0.795934368781818	0.670017417196653	0.94551500177222	0.00938797105727231
GRPEL1	2.5865187240103	1.50900414465723	1.10480523825889	2.06108138315969	0.00969509027455947
NLN	2.58229984415112	1.47787145338587	1.09870864087583	1.98788282122894	0.00981442735778447
PPTC7	2.58047831547546	1.43083833094332	1.08996878877909	1.87830913175954	0.00986635524640524
EPHX2	-2.56287307016538	0.767694572099441	0.627171114034141	0.939703603758227	0.0103809992318097
CYP24A1	2.5518346563123	1.09237013281242	1.02070317921459	1.16906906078105	0.010715735853746
CISD1	2.53970931719903	1.47077219106807	1.0920586899	1.98081921605995	0.0110944635254165
LIPT1	-2.53317756639345	0.580644621405967	0.381279751743061	0.884254080701559	0.0113033677608215
MTHFD2	2.53063793848497	1.22868263189769	1.04753656279285	1.44115352489664	0.0113855307152562
GPAM	-2.52604540452958	0.709249113494816	0.543291956772409	0.92590051945847	0.0115354571581491
NME4	2.52451098483652	1.28850523636865	1.05832282972971	1.56875170553908	0.0115859383956697
SFXN2	-2.52215143106786	0.679033962605788	0.502636903581414	0.917336389522452	0.0116639484327544
ARMCX3	-2.52137020945308	0.714104742648466	0.549648549796153	0.927766631354079	0.0116898791648748
FDPS	2.51480195208396	1.36828786613366	1.07162956194202	1.74706983746862	0.0119099266420402
MIEF1	2.51399598092497	1.60356459264681	1.10967743484407	2.31726745272769	0.0119371794257125
CHCHD4	2.51312466197616	1.54919872256565	1.10114430998567	2.17956598443511	0.0119667040361461
ACAT1	-2.50907563743878	0.751427984002707	0.601086261445277	0.939372684687084	0.0121047561936748
SLC25A14	-2.49483052679767	0.632856527730172	0.441782673149464	0.906571056387244	0.0126017300987632
METTL5	2.48862843553867	1.46524678799315	1.08453798501635	1.97959700756069	0.012823690924558
MRPL12	2.4879946508676	1.24956268194384	1.04841952113612	1.48929590171563	0.012846566524263
NNT	-2.48132636402129	0.748618824480406	0.595581383732231	0.94097995618075	0.0130894465439486
ACO2	2.47848369911232	1.42386357526227	1.07673016662938	1.88291137723506	0.0131942139945664
MRPL13	2.4769198982904	1.29191593195656	1.05491048673924	1.58216909986576	0.0132521639980927
MDH2	2.4583435762472	1.37881384786872	1.06728880710257	1.78126821383581	0.013957956765675
C1QBP	2.43926270894048	1.29907938672445	1.05275824032528	1.60303399999125	0.0147172647171461
BAK1	2.42752780831413	1.3682567697104	1.06225091311085	1.76241466564215	0.0152021213684638
MTHFD1L	2.42746467572695	1.38622078169685	1.06491569183979	1.80446965927264	0.0152047674416355
IARS2	2.40526562672132	1.40605949728975	1.06512563288862	1.85612217833597	0.016160714426815
ABCD1	2.40037486751974	1.3280429307556	1.05343186405765	1.67424024856857	0.0163782894360808
MRPL47	2.39585581037517	1.31887169282004	1.05164494989779	1.65400170684131	0.0165816118073542
OGDH	2.3912205764448	1.41163938282375	1.06414958197508	1.87259928575123	0.0167924608176642
TFAM	2.37578972729987	1.42590807283042	1.064069692897	1.91079009743	0.0175114387465411
BCL2L13	2.3752341575722	1.52544483010419	1.07662343169693	2.16137031870459	0.0175378205454286
MRPL37	2.36842406900544	1.41410773934161	1.06157899777109	1.88370408859298	0.0178640468475593
MALSU1	2.35964367793963	1.48503124235802	1.06927351698438	2.06244497385379	0.0182924957725739
NDUFS2	2.35207200543196	1.44389169133386	1.06315262458769	1.96098205289339	0.0186691605819432
PHB	2.33386984411583	1.40418279468035	1.05588963327811	1.86736308297194	0.0196025382103735
CHCHD3	2.32053053145777	1.45063548147562	1.05950522538149	1.98615660376599	0.0203121952584659
BIK	2.31852165241461	1.19134871940347	1.02744683888862	1.38139679592527	0.0204209875947973
BCAT2	-2.31256184102648	0.766775705489608	0.61223955332543	0.960318521297121	0.0207467415720488
MPV17L	-2.31155706238211	0.756364231402081	0.596907806128993	0.958417438455866	0.0208021051487867
SLC25A36	-2.30735358233824	0.723399441576014	0.54944980361287	0.952419581609678	0.0210351166789185
PEX11B	-2.30315746736703	0.712120585843146	0.5334307866241	0.95066828067976	0.021269984916165
FASTKD3	-2.2880799775309	0.71258755466159	0.533064555089669	0.95256947439165	0.0221328640285705
PRELID1	2.27439964191195	1.35768537902816	1.04318053735022	1.76700918242686	0.0229419689647646
PREPL	-2.26933882137311	0.714979150282259	0.535119372677874	0.955291868392263	0.023247729458828
CCDC90B	2.26723223093484	1.31982920728881	1.03832485709792	1.67765331293456	0.0233760428722112
SMDT1	-2.26237807987198	0.763363695100656	0.604141107888368	0.964549710968191	0.0236740540552002
CASP9	2.25390468903279	1.38517892255003	1.04340844098169	1.8388969957648	0.0242021646370463
TK2	-2.24260798503715	0.742319426502938	0.572125834499845	0.963141493943149	0.0249221048772365
CHDH	-2.23274999213287	0.773830312164443	0.617868665938805	0.969159604678556	0.0255654357140117
MFF	2.23237578006059	1.35943350016003	1.0381817085379	1.7800924695158	0.0255901371857226
ARG2	-2.22369146596271	0.811833913815502	0.67557174282897	0.975580033678005	0.0261692098049685
PPIF	2.21879269621831	1.29917544534321	1.03100241966819	1.63710269305277	0.0265008311428766
CCDC51	2.21858981549104	1.41270134313625	1.04109820087595	1.91694220892883	0.0265146430556699
COASY	2.21808438718275	1.38544891115287	1.03866862002388	1.84800873773442	0.0265490791458148
MRPS2	2.21395664522034	1.36171862646059	1.0360553591894	1.78974762420079	0.0268317614750685
MYO19	2.21007155312034	1.29955720265897	1.03009648387386	1.6395055700332	0.0271001967645381
MAOA	-2.20645011270198	0.884898875783965	0.793816065635595	0.98643256827607	0.0273524995621052
TOMM22	2.20386043694768	1.3388163027359	1.0328183305557	1.7354737415505	0.027534160648631
MRPS11	2.19499498372467	1.50895742103603	1.04503778606546	2.17882312856111	0.0281639575761262
SOD1	2.19473279256246	1.30463340786838	1.02885390860662	1.65433431771804	0.0281827709647841
NLRX1	2.16814567486388	1.40868707456226	1.03344869245589	1.92017203033375	0.0301476046073638
ALDH6A1	-2.15800327318202	0.79682127472702	0.648296862214452	0.979372538822446	0.0309275773134479
MCCC1	-2.15367030424966	0.791761807879475	0.640191272879079	0.979217910293168	0.0312660365369344
COX5A	2.13787037089283	1.29956260273975	1.02204453635962	1.6524357778529	0.0325272655951668
MTHFD2L	-2.12491345172924	0.656956853255336	0.445900192633022	0.967912358347769	0.0335938353192815
UQCRB	2.11529381449102	1.34902356163698	1.02222751921143	1.78029307140509	0.034404913336802
HSPE1	2.11527213844002	1.26062673401942	1.01715067942256	1.56238381851806	0.0344067596773951
RPIA	-2.10811093479111	0.735046665529381	0.55210859555631	0.978600233458523	0.0350213948148297
MRPL11	2.10180759417544	1.27715175254158	1.01664641439665	1.6044089428949	0.0355701336415544
MT-ND5	-2.10105671049989	0.87154929399102	0.766643571508326	0.990810071441389	0.0356359883500637
SLC25A1	2.09998046593908	1.27748746238023	1.01646245971996	1.60554302909356	0.0357305595173654
PMAIP1	2.09240606692024	1.14118126346331	1.00839422604605	1.29145391994762	0.0364022065445335
GFM1	2.08737314304216	1.40735378084105	1.02107641548618	1.9397614462621	0.036854417733641
SLC25A27	-2.08541659874994	0.784870886322839	0.625064844612857	0.985533442660243	0.0370315014303223
HSDL2	-2.08316393708422	0.765557111576824	0.595410990087817	0.984324610802717	0.0372362830522746
RSAD1	-2.07946129067763	0.70030875223714	0.500575538212855	0.979736944819299	0.037574972139686
USP30	-2.0789792870561	0.616476560348253	0.390714726614623	0.972687548154961	0.0376192542959276
SSBP1	2.07280472680375	1.37515641579655	1.01749364386985	1.85854248751287	0.0381904563670418
HCCS	2.07178696762055	1.4084652600033	1.01865811550581	1.9474388496391	0.0382853125955106
DCAKD	-2.07109749576036	0.743888857583718	0.562225950136491	0.98424953935845	0.0383496858431456
RHOT1	-2.06822560470183	0.672199509641408	0.461345213459715	0.979423146874388	0.0386188136288718
MRPL3	2.06661874395442	1.35437221415093	1.01577794989919	1.80583177125094	0.0387700931841136
SLC25A4	-2.04820577949522	0.772625195877011	0.603620961841727	0.988947917717464	0.0405398403915853
BNIP3L	-2.04771760290812	0.775962114885699	0.608697964821346	0.989188790724162	0.0405876780103767
MTERF2	-2.0439287056311	0.734796991497953	0.546805144583497	0.987420517277147	0.0409605908294317
CRLS1	-2.0382446175524	0.787324758347843	0.62559910743552	0.990858630934635	0.0415254754587516
UCP2	-2.02813836293148	0.842799989916806	0.714407095000717	0.99426759332934	0.0425461285087956
TACO1	2.0252143616239	1.37844721897775	1.01039458644858	1.88056899848028	0.0428453576036978
SLC25A35	-2.02494521732899	0.760860982883834	0.584009058971112	0.991267903095301	0.0428729898166451
MRPS9	2.02323619498347	1.38511473660349	1.0102402135871	1.8990956880878	0.0430488016314798
MRPS16	2.02160887634769	1.39614977897243	1.01022801950063	1.9294992493757	0.0432167743308609
AASS	-2.02069650496951	0.823172145406604	0.681586972539648	0.994168621575135	0.0433111918627412
COX8A	2.02065557233363	1.27352892417227	1.00728879272568	1.61013994438938	0.0433154318934386
C15orf48	2.01968172684513	1.08993931806019	1.00254969210541	1.18494646839772	0.043416411717764
BCL2	-2.01525964266563	0.80245904788513	0.647840727520354	0.993979686947789	0.0438774511449675
SPRYD4	-2.0120121140414	0.649067896022415	0.42602596322878	0.988881359375574	0.0442186600202198
SLC25A33	-2.01028040226998	0.721645724512293	0.525042152339509	0.991868080279629	0.0444015198777269
THG1L	2.00985020495941	1.37203605889718	1.00788163342278	1.8677619320447	0.0444470453215077
BCKDHB	-2.00821185241755	0.734988786028452	0.544219464031195	0.992629906299369	0.0446207840513438
HSD17B4	-2.00815725599485	0.772685069065617	0.60074870108151	0.99383022365608	0.0446265835670096
TOMM5	2.00750612112649	1.32992193384293	1.00677511909199	1.75678988939627	0.0446957995253524
ETFA	2.00530208673331	1.36563944065208	1.0070703926436	1.85187758024434	0.0449307618829032
SLC25A12	-1.9934598738849	0.668490005838004	0.449913213999317	0.993255752443789	0.0462111132146511
COX4I2	-1.99261245005594	0.847924809933409	0.720922421531004	0.997300766112581	0.046303900825093
PHB2	1.99116480631553	1.26643745427423	1.00370814784219	1.59793843363395	0.0464627716198031
LDHB	1.98714440800862	1.15567004245497	1.00198091565171	1.33293281954296	0.046906396291577
NDUFA12	1.98630408077723	1.32604231001074	1.0037492089534	1.75182026770619	0.0469995698058419
PDF	1.98608886211918	1.39276111710612	1.00436725107316	1.93134884401105	0.0470234577754122
PARL	1.98460191695578	1.34248532959515	1.00366305735864	1.7956891478314	0.0471887789060842
CCDC58	1.98348463946193	1.26070168319792	1.00275095923716	1.58500844040794	0.0473133211704609
COX18	-1.97736968177299	0.670011489989237	0.450500630527909	0.996481172937641	0.0479998584034238
PDE12	-1.97059021277717	0.631935869569635	0.400332517014235	0.997528120441265	0.0487707670171551
OAT	-1.96733928357058	0.846507173046317	0.7170221771395	0.999375496135393	0.0491441090466289
MRPS17	1.96007490621855	1.32737056434378	1.0000160265647	1.76188437813235	0.0499870357588217
