id	z	HR	HR.95L	HR.95H	pvalue
VDAC1	4.88129326117538	1.92471666480562	1.47974290673369	2.50349856243451	1.05392374543273e-06
SLC25A42	-4.51148683900593	0.528000753569911	0.400070274160568	0.696839564887302	6.43747782688972e-06
ABAT	-4.26859181909163	0.621924671970958	0.500069716176063	0.773472748087797	1.96710853842813e-05
IVD	-4.05253924051833	0.649886305725834	0.527616465613279	0.800490958672124	5.06647227456143e-05
FAM210B	-3.82912553738865	0.624160608454096	0.490362671242651	0.794465990158965	0.000128599398348895
AMT	-3.77588313500604	0.697308237626977	0.578296584774494	0.840812121434279	0.000159441737729589
PXMP4	-3.74019503485213	0.750140426131042	0.645229002115001	0.872109990517396	0.000183877521698949
ACSS1	-3.72832876860405	0.736361711116943	0.626933820452469	0.864889645302174	0.000192753810142251
PGS1	-3.54363745685945	0.586949410402012	0.437134547881416	0.78810886039766	0.000394647525139081
HTATIP2	3.49481646306011	1.44096742063906	1.17402592906011	1.76860413040916	0.000474387850098089
HSPD1	3.49389861838103	1.47040847057514	1.184433554356	1.82543044511661	0.000476021750287651
VDAC2	3.47053455954936	1.6092009984572	1.23006580374168	2.10519457215922	0.000519423496300709
PAICS	3.46073484438958	1.44768307146405	1.17402444153373	1.78513002051788	0.000538703131353235
HSDL1	-3.43512754933143	0.61170318764267	0.462113159559884	0.809716802110922	0.000592274989419907
MOCS1	-3.39803119625051	0.63956424387909	0.494218882167616	0.827654379077133	0.0006787267994032
YARS2	3.38299200130067	1.5863382082016	1.21421293128055	2.07251038592242	0.000717007205424973
TOMM40	3.37358414440666	1.41382677470218	1.15616535042791	1.72891027059836	0.000741963656649786
CPS1	3.32169485254302	1.09306202365346	1.03715212655916	1.1519858629777	0.000894724854794016
CYCS	3.28405850760167	1.43089119459381	1.1554171016541	1.77204371290243	0.00102323677595159
GCDH	-3.27211911575076	0.570129863910578	0.407197148638178	0.798257214741751	0.00106744592923629
ECHDC2	-3.25391849137218	0.700347776897781	0.565119251159235	0.867935409383991	0.0011382493363151
TMEM11	3.24931720288982	1.677211145327	1.22777301671516	2.29117042622034	0.00115682401753174
ACAD8	-3.24671044860996	0.729982008333517	0.603666210455061	0.882729103040138	0.00116747099025618
ADHFE1	-3.20199337694098	0.680999333751223	0.538287793887698	0.861546737332045	0.00136480135940212
HSPA9	3.1999461833906	1.5570470566558	1.18718146329231	2.04214402903253	0.00137453250501541
CAT	-3.18762629687899	0.729919605925219	0.60146097265096	0.88581413481538	0.00143445797250852
ISCU	-3.17843600734748	0.554136909575787	0.385052589448318	0.797469548235356	0.00148071899897961
DTYMK	3.15789717573517	1.39243238013812	1.13380931985092	1.71004762380331	0.0015891159875428
HEMK1	-3.14095648096644	0.529525461115223	0.356116102789535	0.787375835501055	0.0016839705314082
MRPL15	3.12537427041518	1.35448019701877	1.11978917111745	1.6383589441977	0.00177578963719256
COQ10A	-3.12154321035804	0.594171713403752	0.428504254922725	0.823889193522282	0.00179905844101611
ACADSB	-3.096748801077	0.733676430158656	0.603088479658941	0.892540849851349	0.00195655595330583
ARMCX6	-3.07515815757094	0.631877727486115	0.471591259006084	0.846643051303598	0.0021039095435125
MTHFS	3.05820093896936	1.54997067463302	1.17043544321988	2.05257718923249	0.0022267021138802
MTFR1L	-3.04959899670819	0.54414564035082	0.368010690834214	0.804581185512875	0.00229147098551226
ALDH2	-3.03588843894445	0.785974290681403	0.672797172578784	0.918189925270228	0.00239828083193494
SFXN1	3.0334872398794	1.51321661499789	1.15788478274672	1.97759272599971	0.002417449344845
CYP27A1	-3.02203796164645	0.811587599275126	0.708817187675243	0.929258548960223	0.0025107905865332
LYRM9	-3.01337984894935	0.551034607718747	0.373969612324917	0.811935325482923	0.00258355321611692
MAOB	-2.984807145656	0.809958555097897	0.705269638101557	0.930187300763693	0.00283757163428778
SUOX	-2.97761406732807	0.636223220999501	0.472431458672835	0.85680150952711	0.00290501524223623
MPC1	-2.97483809969179	0.686195829697421	0.535417218169673	0.879435140886552	0.00293143216935628
COA6	2.95650926005137	1.31444783291321	1.09654033082353	1.57565851148641	0.0031114288852926
TTC19	-2.94345826009039	0.650607791012196	0.488668041381592	0.866212769979834	0.00324567586736834
DARS2	2.94335604118331	1.38813163187089	1.11580137830125	1.72692870332726	0.00324674784209337
SLC25A16	-2.943119160734	0.667107459483172	0.50947087233743	0.873518755755954	0.00324923325910751
ETHE1	2.92063161771245	1.32170118077789	1.09608369391986	1.59375969276796	0.00349322608648066
MRPS35	2.92002414967282	1.39276907577025	1.11507812512005	1.73961416220328	0.00350004261858296
UNG	2.89480869829237	1.39278882263691	1.11292544293274	1.7430284452393	0.003793896660326
TXNRD1	2.89354695528721	1.1516809018691	1.04661848325683	1.26728977268075	0.00380917331571386
PDP2	-2.87495621102522	0.548682500966471	0.364423746169693	0.826105570866498	0.00404083534942235
PPM1K	-2.86573014211502	0.666560994812206	0.50507793836546	0.879673266353505	0.0041604873672523
PDK2	-2.85417710092123	0.67628355999898	0.516985382631027	0.884666121887845	0.00431484700705025
OPA3	2.84450948252125	1.5995058697872	1.15726453224726	2.21074694349752	0.00444798618650396
PPOX	-2.82900426155299	0.684220745883967	0.526039618228478	0.889967243673791	0.00466930771972211
MMADHC	2.8249366912594	1.52452647621435	1.13782230491236	2.04265724678121	0.00472899587226304
DUT	2.82093966821997	1.54938996245956	1.14298027491981	2.10030681057805	0.00478832073128684
TBRG4	2.81866063883695	1.44930262886328	1.11968700698412	1.87595113360086	0.00482244738186429
SAMM50	2.79505603072577	1.71812791283641	1.17551624753257	2.51120606037034	0.00518907207890288
NSUN4	-2.77448647516066	0.513793779617692	0.320983806737268	0.822421699889395	0.00552889329308312
GLRX2	2.77257787420793	1.49803473799696	1.12575438773963	1.99342600898184	0.00556142109178164
ACOT7	2.76424488399295	1.34358524625585	1.08973242688791	1.65657299848533	0.00570547027429407
LDHD	-2.75525714955176	0.819040324837374	0.710615419465635	0.944008580920121	0.00586460229327321
LETM1	2.75455382374004	1.5271440940523	1.12990721083351	2.06403593289613	0.00587722221817677
AK2	-2.75400198477777	0.662961986761761	0.494818493247166	0.888242056206978	0.00588714111405678
BCL2L1	2.75117081148013	1.37951013262368	1.09694123237466	1.73486796725809	0.00593826702344745
DHRS1	-2.74642143060267	0.66173290725532	0.492849418213158	0.888487283057296	0.00602493151966266
MRPL51	2.74403621570448	1.43471080341222	1.10864717569227	1.85667283023782	0.00606888421960525
AGMAT	2.70492629612035	1.35215321280051	1.08664021746163	1.68254246576448	0.00683195460659411
MTFR2	2.70146143304544	1.31703679372432	1.07851762747574	1.60830557779888	0.00690354863453418
SIRT4	-2.69956946148758	0.58897680613355	0.40103563150055	0.864994656123969	0.00694292605085356
CHCHD2	2.69719477815907	1.28499200469057	1.07094216414866	1.54182411281874	0.00699263557080824
HINT3	-2.6843325479246	0.668259698799371	0.49788512680983	0.896935861291548	0.00726747788310606
AK4	2.67147428672051	1.2114096868107	1.05240625195676	1.39443625175185	0.00755188581351873
MRPS24	2.66149148116272	1.3639723463773	1.08525710318974	1.71426711349222	0.00777953094626585
FHIT	-2.65410218436486	0.582657208211454	0.391001760175696	0.868255483372291	0.00795197421309502
MRPS12	2.65016149174937	1.29807845323584	1.07030522607089	1.57432443541443	0.00804533045056356
NDUFAF7	-2.64361039692982	0.581914294070127	0.389516882909267	0.869344206890289	0.00820270116316139
ACCS	-2.63519882362882	0.763042249713272	0.624011426594834	0.933049380240807	0.00840880120668955
MRPL44	2.62454625061517	1.58365501049352	1.12346008195572	2.23235630045296	0.00867645078438082
MRPL10	2.62311668920063	1.58482360127317	1.1234593815637	2.23565345429451	0.00871294253885631
VPS13D	-2.61617213669497	0.707615985360062	0.546097473980211	0.916906608425798	0.00889217162917086
HAGH	-2.59781969216241	0.69285000329125	0.525299633816015	0.913842493232765	0.00938177430837663
SLC25A29	-2.59759294055537	0.795934368781818	0.670017417196653	0.94551500177222	0.00938797105727231
GRPEL1	2.5865187240103	1.50900414465723	1.10480523825889	2.06108138315969	0.00969509027455947
NLN	2.58229984415112	1.47787145338587	1.09870864087583	1.98788282122894	0.00981442735778447
PPTC7	2.58047831547546	1.43083833094332	1.08996878877909	1.87830913175954	0.00986635524640524
EPHX2	-2.56287307016538	0.767694572099441	0.627171114034141	0.939703603758227	0.0103809992318097
CYP24A1	2.5518346563123	1.09237013281242	1.02070317921459	1.16906906078105	0.010715735853746
CISD1	2.53970931719903	1.47077219106807	1.0920586899	1.98081921605995	0.0110944635254165
LIPT1	-2.53317756639345	0.580644621405967	0.381279751743061	0.884254080701559	0.0113033677608215
MTHFD2	2.53063793848497	1.22868263189769	1.04753656279285	1.44115352489664	0.0113855307152562
GPAM	-2.52604540452958	0.709249113494816	0.543291956772409	0.92590051945847	0.0115354571581491
NME4	2.52451098483652	1.28850523636865	1.05832282972971	1.56875170553908	0.0115859383956697
SFXN2	-2.52215143106786	0.679033962605788	0.502636903581414	0.917336389522452	0.0116639484327544
ARMCX3	-2.52137020945308	0.714104742648466	0.549648549796153	0.927766631354079	0.0116898791648748
FDPS	2.51480195208396	1.36828786613366	1.07162956194202	1.74706983746862	0.0119099266420402
MIEF1	2.51399598092497	1.60356459264681	1.10967743484407	2.31726745272769	0.0119371794257125
CHCHD4	2.51312466197616	1.54919872256565	1.10114430998567	2.17956598443511	0.0119667040361461
ACAT1	-2.50907563743878	0.751427984002707	0.601086261445277	0.939372684687084	0.0121047561936748
SLC25A14	-2.49483052679767	0.632856527730172	0.441782673149464	0.906571056387244	0.0126017300987632
METTL5	2.48862843553867	1.46524678799315	1.08453798501635	1.97959700756069	0.012823690924558
MRPL12	2.4879946508676	1.24956268194384	1.04841952113612	1.48929590171563	0.012846566524263
NNT	-2.48132636402129	0.748618824480406	0.595581383732231	0.94097995618075	0.0130894465439486
ACO2	2.47848369911232	1.42386357526227	1.07673016662938	1.88291137723506	0.0131942139945664
MRPL13	2.4769198982904	1.29191593195656	1.05491048673924	1.58216909986576	0.0132521639980927
MDH2	2.4583435762472	1.37881384786872	1.06728880710257	1.78126821383581	0.013957956765675
C1QBP	2.43926270894048	1.29907938672445	1.05275824032528	1.60303399999125	0.0147172647171461
BAK1	2.42752780831413	1.3682567697104	1.06225091311085	1.76241466564215	0.0152021213684638
MTHFD1L	2.42746467572695	1.38622078169685	1.06491569183979	1.80446965927264	0.0152047674416355
IARS2	2.40526562672132	1.40605949728975	1.06512563288862	1.85612217833597	0.016160714426815
ABCD1	2.40037486751974	1.3280429307556	1.05343186405765	1.67424024856857	0.0163782894360808
MRPL47	2.39585581037517	1.31887169282004	1.05164494989779	1.65400170684131	0.0165816118073542
OGDH	2.3912205764448	1.41163938282375	1.06414958197508	1.87259928575123	0.0167924608176642
TFAM	2.37578972729987	1.42590807283042	1.064069692897	1.91079009743	0.0175114387465411
BCL2L13	2.3752341575722	1.52544483010419	1.07662343169693	2.16137031870459	0.0175378205454286
MRPL37	2.36842406900544	1.41410773934161	1.06157899777109	1.88370408859298	0.0178640468475593
MALSU1	2.35964367793963	1.48503124235802	1.06927351698438	2.06244497385379	0.0182924957725739
NDUFS2	2.35207200543196	1.44389169133386	1.06315262458769	1.96098205289339	0.0186691605819432
PHB	2.33386984411583	1.40418279468035	1.05588963327811	1.86736308297194	0.0196025382103735
CHCHD3	2.32053053145777	1.45063548147562	1.05950522538149	1.98615660376599	0.0203121952584659
BIK	2.31852165241461	1.19134871940347	1.02744683888862	1.38139679592527	0.0204209875947973
BCAT2	-2.31256184102648	0.766775705489608	0.61223955332543	0.960318521297121	0.0207467415720488
MPV17L	-2.31155706238211	0.756364231402081	0.596907806128993	0.958417438455866	0.0208021051487867
SLC25A36	-2.30735358233824	0.723399441576014	0.54944980361287	0.952419581609678	0.0210351166789185
PEX11B	-2.30315746736703	0.712120585843146	0.5334307866241	0.95066828067976	0.021269984916165
FASTKD3	-2.2880799775309	0.71258755466159	0.533064555089669	0.95256947439165	0.0221328640285705
PRELID1	2.27439964191195	1.35768537902816	1.04318053735022	1.76700918242686	0.0229419689647646
PREPL	-2.26933882137311	0.714979150282259	0.535119372677874	0.955291868392263	0.023247729458828
CCDC90B	2.26723223093484	1.31982920728881	1.03832485709792	1.67765331293456	0.0233760428722112
SMDT1	-2.26237807987198	0.763363695100656	0.604141107888368	0.964549710968191	0.0236740540552002
CASP9	2.25390468903279	1.38517892255003	1.04340844098169	1.8388969957648	0.0242021646370463
TK2	-2.24260798503715	0.742319426502938	0.572125834499845	0.963141493943149	0.0249221048772365
CHDH	-2.23274999213287	0.773830312164443	0.617868665938805	0.969159604678556	0.0255654357140117
MFF	2.23237578006059	1.35943350016003	1.0381817085379	1.7800924695158	0.0255901371857226
ARG2	-2.22369146596271	0.811833913815502	0.67557174282897	0.975580033678005	0.0261692098049685
PPIF	2.21879269621831	1.29917544534321	1.03100241966819	1.63710269305277	0.0265008311428766
CCDC51	2.21858981549104	1.41270134313625	1.04109820087595	1.91694220892883	0.0265146430556699
COASY	2.21808438718275	1.38544891115287	1.03866862002388	1.84800873773442	0.0265490791458148
MRPS2	2.21395664522034	1.36171862646059	1.0360553591894	1.78974762420079	0.0268317614750685
MYO19	2.21007155312034	1.29955720265897	1.03009648387386	1.6395055700332	0.0271001967645381
MAOA	-2.20645011270198	0.884898875783965	0.793816065635595	0.98643256827607	0.0273524995621052
TOMM22	2.20386043694768	1.3388163027359	1.0328183305557	1.7354737415505	0.027534160648631
MRPS11	2.19499498372467	1.50895742103603	1.04503778606546	2.17882312856111	0.0281639575761262
SOD1	2.19473279256246	1.30463340786838	1.02885390860662	1.65433431771804	0.0281827709647841
NLRX1	2.16814567486388	1.40868707456226	1.03344869245589	1.92017203033375	0.0301476046073638
ALDH6A1	-2.15800327318202	0.79682127472702	0.648296862214452	0.979372538822446	0.0309275773134479
MCCC1	-2.15367030424966	0.791761807879475	0.640191272879079	0.979217910293168	0.0312660365369344
COX5A	2.13787037089283	1.29956260273975	1.02204453635962	1.6524357778529	0.0325272655951668
MTHFD2L	-2.12491345172924	0.656956853255336	0.445900192633022	0.967912358347769	0.0335938353192815
UQCRB	2.11529381449102	1.34902356163698	1.02222751921143	1.78029307140509	0.034404913336802
HSPE1	2.11527213844002	1.26062673401942	1.01715067942256	1.56238381851806	0.0344067596773951
RPIA	-2.10811093479111	0.735046665529381	0.55210859555631	0.978600233458523	0.0350213948148297
MRPL11	2.10180759417544	1.27715175254158	1.01664641439665	1.6044089428949	0.0355701336415544
MT-ND5	-2.10105671049989	0.87154929399102	0.766643571508326	0.990810071441389	0.0356359883500637
SLC25A1	2.09998046593908	1.27748746238023	1.01646245971996	1.60554302909356	0.0357305595173654
PMAIP1	2.09240606692024	1.14118126346331	1.00839422604605	1.29145391994762	0.0364022065445335
GFM1	2.08737314304216	1.40735378084105	1.02107641548618	1.9397614462621	0.036854417733641
SLC25A27	-2.08541659874994	0.784870886322839	0.625064844612857	0.985533442660243	0.0370315014303223
HSDL2	-2.08316393708422	0.765557111576824	0.595410990087817	0.984324610802717	0.0372362830522746
RSAD1	-2.07946129067763	0.70030875223714	0.500575538212855	0.979736944819299	0.037574972139686
USP30	-2.0789792870561	0.616476560348253	0.390714726614623	0.972687548154961	0.0376192542959276
SSBP1	2.07280472680375	1.37515641579655	1.01749364386985	1.85854248751287	0.0381904563670418
HCCS	2.07178696762055	1.4084652600033	1.01865811550581	1.9474388496391	0.0382853125955106
DCAKD	-2.07109749576036	0.743888857583718	0.562225950136491	0.98424953935845	0.0383496858431456
RHOT1	-2.06822560470183	0.672199509641408	0.461345213459715	0.979423146874388	0.0386188136288718
MRPL3	2.06661874395442	1.35437221415093	1.01577794989919	1.80583177125094	0.0387700931841136
SLC25A4	-2.04820577949522	0.772625195877011	0.603620961841727	0.988947917717464	0.0405398403915853
BNIP3L	-2.04771760290812	0.775962114885699	0.608697964821346	0.989188790724162	0.0405876780103767
MTERF2	-2.0439287056311	0.734796991497953	0.546805144583497	0.987420517277147	0.0409605908294317
CRLS1	-2.0382446175524	0.787324758347843	0.62559910743552	0.990858630934635	0.0415254754587516
UCP2	-2.02813836293148	0.842799989916806	0.714407095000717	0.99426759332934	0.0425461285087956
TACO1	2.0252143616239	1.37844721897775	1.01039458644858	1.88056899848028	0.0428453576036978
SLC25A35	-2.02494521732899	0.760860982883834	0.584009058971112	0.991267903095301	0.0428729898166451
MRPS9	2.02323619498347	1.38511473660349	1.0102402135871	1.8990956880878	0.0430488016314798
MRPS16	2.02160887634769	1.39614977897243	1.01022801950063	1.9294992493757	0.0432167743308609
AASS	-2.02069650496951	0.823172145406604	0.681586972539648	0.994168621575135	0.0433111918627412
COX8A	2.02065557233363	1.27352892417227	1.00728879272568	1.61013994438938	0.0433154318934386
C15orf48	2.01968172684513	1.08993931806019	1.00254969210541	1.18494646839772	0.043416411717764
BCL2	-2.01525964266563	0.80245904788513	0.647840727520354	0.993979686947789	0.0438774511449675
SPRYD4	-2.0120121140414	0.649067896022415	0.42602596322878	0.988881359375574	0.0442186600202198
SLC25A33	-2.01028040226998	0.721645724512293	0.525042152339509	0.991868080279629	0.0444015198777269
THG1L	2.00985020495941	1.37203605889718	1.00788163342278	1.8677619320447	0.0444470453215077
BCKDHB	-2.00821185241755	0.734988786028452	0.544219464031195	0.992629906299369	0.0446207840513438
HSD17B4	-2.00815725599485	0.772685069065617	0.60074870108151	0.99383022365608	0.0446265835670096
TOMM5	2.00750612112649	1.32992193384293	1.00677511909199	1.75678988939627	0.0446957995253524
ETFA	2.00530208673331	1.36563944065208	1.0070703926436	1.85187758024434	0.0449307618829032
SLC25A12	-1.9934598738849	0.668490005838004	0.449913213999317	0.993255752443789	0.0462111132146511
COX4I2	-1.99261245005594	0.847924809933409	0.720922421531004	0.997300766112581	0.046303900825093
PHB2	1.99116480631553	1.26643745427423	1.00370814784219	1.59793843363395	0.0464627716198031
LDHB	1.98714440800862	1.15567004245497	1.00198091565171	1.33293281954296	0.046906396291577
NDUFA12	1.98630408077723	1.32604231001074	1.0037492089534	1.75182026770619	0.0469995698058419
PDF	1.98608886211918	1.39276111710612	1.00436725107316	1.93134884401105	0.0470234577754122
PARL	1.98460191695578	1.34248532959515	1.00366305735864	1.7956891478314	0.0471887789060842
CCDC58	1.98348463946193	1.26070168319792	1.00275095923716	1.58500844040794	0.0473133211704609
COX18	-1.97736968177299	0.670011489989237	0.450500630527909	0.996481172937641	0.0479998584034238
PDE12	-1.97059021277717	0.631935869569635	0.400332517014235	0.997528120441265	0.0487707670171551
OAT	-1.96733928357058	0.846507173046317	0.7170221771395	0.999375496135393	0.0491441090466289
MRPS17	1.96007490621855	1.32737056434378	1.0000160265647	1.76188437813235	0.0499870357588217
ACSL1	-1.9589829894933	0.835175024208532	0.697454411168115	1.00009019929131	0.0501147789378019
MT-ND6	-1.95004038305287	0.895763950726521	0.801943696734849	1.00056033695154	0.0511713060004548
EXOG	-1.94295703240672	0.650782310827048	0.421928108309085	1.0037672478913	0.0520213500727508
COX16	1.92533905428692	1.37390811381382	0.994303562032859	1.89843783858544	0.0541869547800564
MRPL17	1.91711087321798	1.28605161450215	0.994392295797115	1.66325580171333	0.0552238475669202
NDUFAF6	-1.91625006177353	0.753243080126321	0.563719318822244	1.0064851758914	0.0553332739702005
OSGEPL1	-1.91581662678453	0.677540893715992	0.454962044473894	1.00901090153204	0.0553884406198309
DECR1	1.91365507354891	1.30600583445824	0.993560280878086	1.71670634632409	0.0556642430595463
DNM1L	1.91019388281821	1.28750168774072	0.993437434320493	1.66861096498646	0.0561082544953349
MRPS10	1.90674987030224	1.28528083846894	0.993020129340322	1.66355825519151	0.0565529856714809
FARS2	-1.90523718468259	0.708049101498041	0.496386443305471	1.0099662005146	0.0567492466194746
NUDT13	-1.89946145366398	0.737269321032089	0.538314269387025	1.00975597833227	0.0575038301125068
MRPS34	1.89822697141885	1.2804408253458	0.991992277589885	1.65276357916372	0.0576661892967361
FKBP10	1.89597251634348	1.10833076206842	0.996534530220105	1.23266885481214	0.0579636788322573
MRPL28	1.89560771632818	1.29384338993472	0.991291981248239	1.68873626473789	0.0580119361692997
SLC25A22	1.88558088586341	1.28523978738708	0.99014945350999	1.6682747288575	0.0593514551397082
AKAP1	-1.88341455431323	0.788596385852956	0.615910112001174	1.00969970725072	0.0596442094728394
AKR1B10	1.88190261146863	1.05207572467345	0.997896478014629	1.10919654977572	0.0598492398141702
AK3	-1.87130659390377	0.770576676914768	0.586501821166885	1.01242382133379	0.0613025971086211
NDUFB4	1.86960412733524	1.25705977898818	0.989003952956044	1.5977684247133	0.0615388117105887
COA5	-1.86888434114463	0.735527763232403	0.532962775774365	1.01508231921004	0.0616389073284734
ACSF3	-1.86866792501729	0.702896385003647	0.485626421016953	1.01737324550129	0.0616690291417922
MRPS5	1.86284483019683	1.41454392192821	0.982081733080893	2.03744193549645	0.0624841006731214
NGRN	1.85616661560397	1.28389939179593	0.986122608345515	1.67159502713317	0.0634298129749112
MTIF2	1.85329735293649	1.38234270238088	0.981537404149843	1.94681459794269	0.0638397503822751
MUTYH	-1.8505644545023	0.757316454300446	0.564180467367294	1.01656871360777	0.0642322373721518
ALDH4A1	-1.84923480790887	0.795622712478602	0.624408564725034	1.01378414130268	0.0644239146224763
MTO1	-1.84570417418601	0.605118001725704	0.354956210481713	1.03158582720832	0.064935170804493
MRPS27	1.83401964800216	1.3683010571626	0.978696964525975	1.91300050055748	0.066651077638993
SLC25A23	-1.83138115941122	0.807039580826584	0.641582747961448	1.0151658333866	0.0670436714334552
HADH	-1.82910450999754	0.783514102207809	0.603272370449682	1.01760726734578	0.067383953480385
IMMT	1.82635054281241	1.38186062152869	0.976615961414443	1.95526066824267	0.0677974765051316
BOLA3	1.81457787087916	1.24462836365788	0.982619340500901	1.57650037992538	0.0695888057768423
COX6B1	1.80975555522796	1.18831607322916	0.98578158143883	1.4324624404462	0.0703337030195854
EHHADH	1.80594854176946	1.27404960122883	0.979556447374984	1.65707896746655	0.0709263777861124
PRKACA	-1.80410160998577	0.722480859382411	0.507523583047298	1.02848145309792	0.0712153793940734
MGST3	1.80215638798773	1.30154714863216	0.977185931523408	1.73357487604386	0.0715208041029606
WARS2	1.80056576849377	1.38553335585402	0.971545422842084	1.97592684299656	0.0717713486795343
SLIRP	1.79963716081976	1.26602913354453	0.979204618257516	1.63686908445726	0.0719179493592455
TIMM22	1.7982475535502	1.42965427151486	0.968367201157869	2.11067798828461	0.0721377868228172
AMACR	-1.78453203917664	0.747998042012711	0.543756495547962	1.02895519490029	0.0743372534505519
SLC25A3	1.78126881819873	1.35593286530682	0.969915707914793	1.89558115227542	0.0748685459209637
METAP1D	1.77398710765877	1.35315415622734	0.968791096517753	1.8900113523925	0.0760652828545035
CYC1	1.77315556257956	1.17364748408684	0.983272633409581	1.40088147488347	0.0762029331777998
ACACB	-1.77203192253031	0.72779105891734	0.512128110834176	1.03427211714127	0.0763892583174493
ALDH3A2	-1.77164163037267	0.877906725427364	0.760125697759959	1.01393785372848	0.0764540645292934
SDR39U1	-1.74972696737429	0.75867088319428	0.556794260068129	1.03374181504019	0.080165438030112
MRPS31	-1.74895720278477	0.711603497973703	0.486014343455481	1.04190245647512	0.0802984174758716
PTCD3	-1.7443336693722	0.733632582346962	0.517997916677625	1.03903268440369	0.081100923879027
NDUFB3	1.73327949758327	1.26863526830511	0.96936033846871	1.66030667865985	0.0830460030407082
CHPT1	1.72686907143555	1.16943295877358	0.979094489567576	1.39677371248401	0.0841911801384441
C3orf33	1.72664972935897	1.30909693832692	0.96425996658481	1.77725390799597	0.0842305890567099
DHODH	-1.72615124969537	0.704220702612188	0.472921700393965	1.04864462251251	0.0843202057969992
MRPL21	1.72251997590341	1.22718799083466	0.972173732427309	1.5490959224836	0.0849753673502096
DLD	1.72073864953076	1.29043511055742	0.965172471927328	1.72531109516013	0.0852982596016796
MCL1	1.71245301716343	1.26662914195987	0.966414558801483	1.66010473316095	0.0868132158553039
SOD2	1.70940114650963	1.16221276102034	0.978206346347217	1.38083187348191	0.0873766687108297
SPR	1.70890131173283	1.21172528912048	0.972180047466563	1.51029449752682	0.0874692315080234
ANGEL2	-1.70773402986961	0.721843857007703	0.496568076204245	1.04931947676282	0.0876857048169066
OPA1	1.70651037693906	1.2582769279729	0.966453752697027	1.63821685523037	0.0879130959362429
C16orf91	1.7049199613361	1.24822030812905	0.967376443669239	1.6105973510334	0.0882093529525923
SLC25A24	1.70408139069021	1.21547284632086	0.971124172440097	1.52130312690209	0.0883658827289787
RMDN3	-1.70358999952987	0.727754608467044	0.504893741075978	1.04898660263907	0.0884577110813904
NDUFA8	1.70319504023773	1.25338983599217	0.966524355238783	1.62539730370309	0.0885315745465097
VDAC3	1.70035713703059	1.20360653327293	0.97210190715946	1.49024364242878	0.0890637690905692
BID	1.69785992935934	1.19250648622281	0.9731874731152	1.46125156659834	0.089534201686847
TMEM65	1.69663281731282	1.18933048359346	0.97344727501859	1.45309051194132	0.0897661013745199
NSUN2	1.69299964524332	1.21557767504584	0.969685391054328	1.52382318812006	0.0904555347341594
MRPL16	1.69066476690343	1.33736550399579	0.95475100604187	1.87331197344605	0.090900847121335
MTFP1	1.68991932091718	1.23567010763382	0.966750077737486	1.57939538879912	0.0910433907005533
COX14	-1.68871604284104	0.818971036553001	0.649540076323661	1.03259765357186	0.0912738597287599
MIEF2	-1.68821344744398	0.770435848423838	0.569168708337339	1.04287426178172	0.091370262749427
POLDIP2	1.68813892847879	1.31708873326832	0.956620143426069	1.81338720831193	0.0913845632263248
MRPL9	1.68622621407282	1.25205653823296	0.964166354445195	1.62590777795184	0.0917522366400923
PRDX6	1.68600118511978	1.25097381457149	0.964268276728231	1.62292540625041	0.0917955710940212
MTX2	1.67852274713262	1.31983582309599	0.954535725463487	1.82493599082594	0.0932450935991349
UQCRQ	1.6709463370155	1.18201099442536	0.971491297353708	1.43814977524573	0.0947322778368689
HIBADH	1.66970653145842	1.24043089222574	0.963237953877122	1.59739220427793	0.0949774408627554
GPD2	1.66735678497604	1.26001478228412	0.960251320148181	1.65335596865359	0.095443481498745
ETFB	1.66377120634497	1.23797775018393	0.9627084900557	1.5919553278914	0.0961581601688693
MTERF4	-1.65271980520966	0.690221781901507	0.444677305660219	1.07135242151376	0.0983879017424976
MRPS25	-1.64988582454187	0.842930621885033	0.688076999985951	1.03263447742912	0.0989662905562732
HSD17B8	-1.6498748001703	0.866797047188064	0.731419620319867	1.02723129123248	0.0989685458146444
CPT2	-1.63846385575948	0.744964301866873	0.523819047045484	1.0594723773147	0.101324967962624
MRPL19	1.63679022856636	1.30329953475348	0.949041603098475	1.78979474845254	0.101674308151632
COA7	1.63562592682663	1.27891603271973	0.952387427951614	1.71739585251085	0.101917900744057
HADHA	1.6285167510365	1.40608742876848	0.932986771179145	2.11908884285899	0.103415360291936
SDHA	1.62770002354642	1.23728704975028	0.957467221830597	1.59888423183076	0.10358850811922
ME3	-1.62716855439282	0.832404480016409	0.667383203854425	1.03822993199351	0.103701304318469
MTX1	1.6263639313011	1.27292810409822	0.951705569501356	1.70257063752612	0.103872258990592
NDUFAB1	1.61845343526761	1.25190979066608	0.953698439699027	1.64336865693122	0.105564914198143
ARMCX1	-1.61466724913461	0.848887340998854	0.695800430067634	1.03565575209268	0.10638277359474
TIMM17A	1.61130846144373	1.29154020684311	0.946146581795543	1.76302080247096	0.107112507439304
TSTD1	-1.60597038607055	0.876396267784195	0.746055072093861	1.02950900934219	0.108280416830783
LARS2	1.59721078567099	1.36507488624218	0.931759245334294	1.99990443280287	0.110218729305507
ACSM3	-1.59544249169199	0.854402692532049	0.704225444214353	1.03660548905673	0.110613320385238
PDSS1	1.58870630510338	1.25275572437221	0.948702487117304	1.654256130092	0.112126714793895
HARS2	1.58665668300988	1.32643076579738	0.935696208461192	1.88033098835282	0.112590422013468
UQCRC1	1.58528465764474	1.26160525110569	0.946557292262665	1.68151238454119	0.112901673299145
SARDH	-1.58302208200313	0.778366784497899	0.570765740040959	1.06147725539049	0.113416431422812
TRIAP1	1.57786258411083	1.25338639984584	0.946776253141523	1.6592911599819	0.114597182322422
UQCC3	1.57633097750695	1.18190630370465	0.960141854367507	1.45489179997991	0.114949546133501
SLC25A15	1.57069051184072	1.21813918423246	0.95227247103968	1.55823371701846	0.116254554170156
STOML2	1.5700164746937	1.19568371350799	0.956582236078596	1.49454954192854	0.11641127857064
SDSL	1.56701690517873	1.16262255571327	0.962920649906966	1.40374101145701	0.117110740210915
FAM136A	1.5661626675917	1.24935214932904	0.945560289296588	1.65074698113036	0.117310540092235
PRIMPOL	1.56538461317712	1.3082787148722	0.934509870631912	1.83154105652226	0.117492754052212
RECQL4	1.55823111141359	1.11908405502277	0.971409930314947	1.28920765901597	0.119178472431278
DAP3	1.5523738046851	1.27910754148078	0.937412104810532	1.7453541449667	0.12057280757621
MUL1	1.55090935956723	1.28568973598028	0.935869239211198	1.76627035909235	0.12092340711746
SLC25A20	-1.5498814988045	0.795800309313272	0.596158866181909	1.06229759922728	0.121169961036425
PUS1	1.54848720259251	1.22453613977835	0.947596525249872	1.58241268057402	0.12150504051191
NUDT19	1.54501739329095	1.19970725650549	0.952275663371441	1.51142947013497	0.122342056293609
ALAS1	-1.53615762683032	0.796019667821595	0.594995570013463	1.06496139382091	0.124499725583381
LYPLA1	1.5342158747702	1.14056976260569	0.964158792808319	1.34925843447556	0.124976553492782
GOT2	1.53397048578225	1.24850312332796	0.940225395078704	1.65785784676575	0.125036913838728
XPNPEP3	1.5327851408242	1.33870599627224	0.921920611247326	1.94391330727552	0.125328802981557
NT5DC3	1.52949172190961	1.21956246489126	0.945666598276904	1.57278750088213	0.126142589683617
COX5B	1.52891890741221	1.1641334346627	0.95805837561483	1.41453452962077	0.126284548379821
CROT	-1.52678840010929	0.805519569003108	0.610245235449478	1.06328036394915	0.126813636981479
ACAA1	-1.52298719415544	0.795187985524657	0.592082645823687	1.06796565780626	0.127761909284006
METTL17	-1.52134486316864	0.818681667467793	0.63267449182302	1.05937521001769	0.128173317493095
NME6	-1.51682771383403	0.677623210404682	0.409826768642716	1.12040806119097	0.129310187979187
ALDH5A1	-1.51096440737196	0.857107842290473	0.701732669377843	1.04688563804099	0.130797519433308
ECI1	1.51031253078847	1.19331148814656	0.948743450597512	1.5009245195271	0.130963695793104
GLS	-1.50951785191543	0.905214745790332	0.795422279330515	1.03016191184126	0.131166496719201
NUDT2	1.49757039509961	1.16324324406618	0.954384549149443	1.41780883405074	0.134244903291155
MCAT	1.49689894007418	1.27902505851521	0.926695407535289	1.7653104644824	0.134419556070201
NDUFA10	1.49626568472783	1.30879307172643	0.919986059215835	1.86191876218119	0.134584433622436
FLAD1	1.49006273603184	1.20705062879624	0.942382735588652	1.5460504160948	0.136207741089211
FH	1.48951337481649	1.2535666065213	0.931109895772099	1.6876947008304	0.136352234024303
PGAM5	1.48949009114568	1.18924704132444	0.946726167908204	1.49389398248477	0.136358360705698
MRS2	-1.48947915870047	0.809190669989894	0.61243157401334	1.06916359015878	0.136361237456364
NDUFB5	1.48751186214388	1.20566882485823	0.942325567943428	1.54260625487167	0.136879672620125
NDUFA9	1.48558438857769	1.26354610517399	0.928025140024399	1.72037231648528	0.137389086882958
NT5DC2	-1.48482863670827	0.852005889796909	0.689647688403418	1.0525867750375	0.137589223974755
MSRA	-1.48381238498114	0.808248806821493	0.610128896758694	1.0707018421826	0.137858700523805
ABCD3	-1.47899163075238	0.817945118045254	0.626709063186421	1.06753556862964	0.13914255163871
SLC25A43	1.47468339787213	1.21029080213673	0.939124366958063	1.55975489218903	0.140297681595518
SIRT3	-1.47327948273606	0.778219557644498	0.55748201724446	1.08635913117683	0.140675690683963
MGME1	1.47099457062666	1.2343541898894	0.932405312816541	1.63408578346155	0.14129258518791
TIMM50	1.47063484364475	1.19841544559478	0.941552852613579	1.52535205671515	0.141389895606691
MTERF3	1.47049630420637	1.21132264154549	0.938180125767897	1.56398808887553	0.141427385902966
AUH	-1.46869484069439	0.789338080000143	0.57565363445536	1.08234286599754	0.141915577480935
SLC25A45	-1.46392516710526	0.776001605783692	0.552593927914256	1.0897305630045	0.143214396099498
UQCRFS1	1.46207807297396	1.20484323788304	0.938513392823693	1.54675174480456	0.143719816663491
SLC25A26	-1.45982924545202	0.67950961388121	0.404484368773482	1.14153562165358	0.144337008779884
MRPL52	1.45934469990392	1.19134845008192	0.941706033033554	1.5071700506585	0.144470258242543
SLC25A32	1.45683204386579	1.23764685466113	0.929010798146036	1.64881801149075	0.145162748208675
FAM210A	1.4536614169853	1.24463071991003	0.926611939761007	1.67179545446316	0.146040200156702
MRM1	1.45339826890182	1.22669952359142	0.931260738693426	1.61586509412032	0.146113206846439
ATPAF1	-1.45302195614578	0.757879218332404	0.521427428726052	1.1015548433719	0.146217657989749
COX11	-1.45250972086673	0.777944243117163	0.554368174490853	1.09168829172953	0.14635992823971
MRPL22	1.45208254486779	1.26645978989761	0.920698755069096	1.7420686088656	0.146478654763723
MRPS14	-1.45157894717598	0.755700639624427	0.517719053621964	1.10307598828644	0.146618716054811
MRPL30	1.4514750300184	1.27909270520042	0.91738044423801	1.78342383334307	0.146647630386215
BPHL	-1.44931840108004	0.817182194193757	0.621934529130138	1.07372513862724	0.147248684608074
SLC25A51	-1.43881896522689	0.763716048514161	0.529006957870457	1.10256055063252	0.150201821560709
CHCHD6	-1.43589274742753	0.806603847702956	0.60152476141059	1.08160097284028	0.151032862545516
AGPAT5	1.43286816991279	1.1847984258261	0.939526638134403	1.49410059583556	0.151895515176301
CHCHD5	1.42223796184981	1.20041951009197	0.933265928884963	1.54404758130527	0.154957181817185
GHITM	1.42194214799564	1.21465512009433	0.929063567305952	1.5880367207269	0.155043046188566
YBEY	1.41624381275174	1.17753154074964	0.939187766953818	1.47636136058019	0.15670413225488
TAZ	-1.41435189936783	0.836049539619021	0.652324367688714	1.07152034680809	0.157258605610613
NDUFS6	1.4113798091598	1.14892748807379	0.947469147538344	1.39322148513351	0.158132653188351
ALDH18A1	1.41104691656746	1.20423082415927	0.930256638300622	1.5588944148837	0.158230780620948
MTCH2	1.41092963664914	1.26201582933855	0.913424600157985	1.74364031056927	0.158265362445127
C15orf61	-1.40779929391512	0.691187681301792	0.413312542929907	1.15588171458994	0.159190509524207
PCK2	-1.40596195863691	0.836027191678078	0.651317447279103	1.0731195182088	0.15973542125482
COQ3	1.40238212650178	1.21433788724923	0.925692860287855	1.59298679688462	0.160801167776924
TMEM143	1.39647192442957	1.33074840781798	0.891098868802353	1.98731183139103	0.162572429383646
DBT	-1.38998693798633	0.761759950852594	0.519008776525751	1.11805088655212	0.164532843823329
ACSF2	-1.38967691723118	0.877379226853958	0.72955874649586	1.05515054327324	0.164627007217099
DLAT	1.38920777138957	1.23083279506444	0.91820933446781	1.6498954133201	0.164769579244127
OCIAD2	1.37535309566579	1.12658720683333	0.950597621623226	1.33515875248379	0.169022002956281
NDUFAF2	1.36854876014305	1.17748776711105	0.931829278200881	1.48790929211098	0.171140370278429
HINT1	1.36331802026216	1.17005622686157	0.933576330638448	1.46643775028152	0.172782305169142
TRAP1	1.35429665950864	1.21158627742106	0.917745671781003	1.59950774247324	0.175641751473438
SPHK2	-1.35315503264423	0.799491385806162	0.578156463395102	1.10555968227834	0.176006107490148
NMNAT3	-1.35246242579896	0.79825234398421	0.575868815472463	1.10651382321076	0.176227430994189
MRPS7	1.34885122417372	1.20921347128575	0.917531673663973	1.59362042870951	0.177384757655289
RNASEH1	1.34668107082708	1.2408382298171	0.906403994202286	1.69866805797859	0.178082971290863
PTRH2	1.34555045035299	1.24206668980584	0.905755477558526	1.70325181591358	0.178447540615086
TDRKH	-1.34491522096073	0.851279978105563	0.673233883462867	1.07641284689346	0.178652614258585
TIMM9	1.34287838933217	1.20599264311061	0.917529701878943	1.58514569311328	0.179311355122861
CHCHD7	-1.34028611293396	0.83386689922123	0.639311836805421	1.08762886213924	0.180152344551522
SHMT2	1.34010875400377	1.13759233936879	0.942114906388126	1.37362897223645	0.180209990478967
MTFR1	1.33423192587066	1.13900091984904	0.940786704538953	1.37897685964082	0.18212785953987
PET100	-1.33362894243167	0.850500922079077	0.670380760823611	1.07901637506523	0.182325492819354
ECH1	1.32821006048097	1.14887512294247	0.93612026652428	1.40998341272621	0.184108721779382
COA4	1.3276220393947	1.19503543257148	0.918636700100947	1.55459681171498	0.184302999939811
PDHA1	1.32483046890433	1.22117459625532	0.908653073867523	1.6411845592422	0.185227386622066
SLC25A38	-1.32317449499691	0.79161060170623	0.559990951895229	1.11903119615215	0.185777355684054
COX7A1	-1.32052063836392	0.87313772266113	0.713897175150178	1.06789816414877	0.186661250055419
TIMM23	1.31794962726553	1.22517478445005	0.905807640938075	1.65714350885549	0.187520511046786
GLOD4	1.31385538479277	1.28935250142128	0.882516907673984	1.88373713689285	0.188894875168901
GSTZ1	1.30904508389237	1.18642312873337	0.918511441169016	1.53247937619807	0.190519079611745
OXNAD1	-1.30828569324894	0.757798016074734	0.500161844210835	1.14814402540617	0.190776425858448
MRPL32	1.30454084839643	1.20257633343574	0.911486128408163	1.58662846604742	0.192049241429195
YME1L1	1.30113381213409	1.25445844292831	0.891551802782667	1.76508642585039	0.193212655924895
MRPL46	1.29981368792343	1.36312595941389	0.854420710561276	2.17470428591018	0.193664832981117
TIMMDC1	1.29931624143885	1.22652980286724	0.901386205528442	1.66895759896791	0.193835422822669
COX6A1	1.29510380435026	1.13632831213388	0.936496829106165	1.37880021888537	0.195284422718595
ERAL1	1.29173274724866	1.22741892400053	0.899420505359356	1.67503098497035	0.196449712648678
SLC25A30	-1.28950011421411	0.782954457072878	0.539786800336095	1.13566630652805	0.197224276656808
NIF3L1	1.28007768568249	1.2373332459533	0.893053849708703	1.71433510089085	0.200517815611993
COMT	1.2781151072235	1.15234072736398	0.927145327368973	1.43223409830472	0.20120884294706
BCL2L2	-1.26582325520969	0.841304230507502	0.643802396674107	1.09939449111449	0.205576367318746
COQ5	1.26320171485578	1.20044815918693	0.904139448758528	1.59386451379156	0.206516696730408
AHCYL1	-1.26305899041808	0.804944815173805	0.5748277881206	1.1271830778982	0.206567980548525
MRPL39	1.26284299512044	1.17625470919572	0.914284745170641	1.5132869144031	0.206645609673664
TIMM13	1.25755877930955	1.16518834641079	0.918152169373954	1.47869158065295	0.208551368801832
MCEE	-1.25562565136442	0.827233977562632	0.615248663792357	1.1122593089695	0.209251726643381
SLC25A19	-1.25479633204255	0.822207729316547	0.605598280883888	1.11629370737511	0.209552704476285
PDHX	1.25018658697159	1.2189869647413	0.893665795722001	1.66273480234153	0.211231395402667
COQ7	-1.24707270094588	0.784903059057825	0.536418118867834	1.14849366650518	0.212370841598767
NOA1	1.23044271653153	1.23274149571557	0.88332920435783	1.72036833805787	0.21853136555702
PHYH	-1.2169954735936	0.86815274600138	0.691362145309482	1.09015108146014	0.223605938046305
SLC30A9	-1.20859329324054	0.813253190736263	0.581620613391712	1.13713430544678	0.226819134309
GADD45GIP1	1.20764146670622	1.12592828364941	0.928774839179384	1.36493200121765	0.227185201782101
MTIF3	-1.2063841447223	0.807023739053166	0.569650166144675	1.14331102508613	0.227669406626468
TRMT2B	-1.20628874898788	0.836672914768176	0.626217391469417	1.11785711454624	0.227706174288172
TSPO	1.20362127440816	1.11216329986886	0.935380198359332	1.32235769769849	0.228735992883564
GOLPH3	-1.19881209055859	0.848104120276785	0.647842102080315	1.11027146355685	0.230601020213159
DLST	1.19827778768607	1.22964446830256	0.876862613124529	1.7243585207029	0.230808890969366
FDX1	1.19377154558947	1.18121382251455	0.898623447615264	1.55267047415929	0.232567345082285
FASN	1.19350240799146	1.07449178033477	0.954907971857771	1.20905115470012	0.232672669659952
ADCK5	-1.19045227500616	0.891176413551602	0.737197326022371	1.077317255552	0.233868677260594
DNA2	1.18981122647463	1.1334669033999	0.922107823154748	1.39327222786978	0.234120596114839
PANK2	-1.18952783148677	0.786766246153723	0.529947139660681	1.16804314951706	0.234232025769958
MRPL45	1.18727330740136	1.17593265694493	0.899900136368067	1.53663451952626	0.235119833286646
OSBPL1A	-1.18145552768875	0.877155858159981	0.705739677613214	1.09020708897431	0.237421810415244
SCO1	1.1805164210912	1.29086782968043	0.844868692313775	1.97230619250477	0.237794883269836
ECHDC3	-1.16539363947147	0.922254626977803	0.804890572257821	1.05673196618027	0.243859690757548
NSUN3	-1.16310473905479	0.78039410181547	0.513867042364061	1.1851605647768	0.244787009594579
NFU1	1.15724187158211	1.18193351820378	0.890524251020375	1.56870162699433	0.247173555057761
COQ2	1.15652762671056	1.20849965185735	0.87672537511853	1.66582541122627	0.247465406044912
TRMT10C	1.15640562923152	1.17622334646265	0.893343214274344	1.54867842354141	0.247515280128341
AURKAIP1	1.15306995058162	1.12890261557896	0.918654287506045	1.38726954502199	0.248881674291162
DNAJC11	1.15234973611911	1.2137943761129	0.87302690269137	1.68757318124038	0.249177386790186
CLPP	1.15028811081771	1.16750421941521	0.89672126385805	1.52005551478489	0.250025225998691
GRSF1	1.14821489742405	1.23910951608425	0.859358936486929	1.78667181739826	0.250879860797352
OXR1	-1.14643904931528	0.866826651790766	0.678923126231758	1.10673567481084	0.251613533113061
SERAC1	-1.14547832091133	0.781434200008925	0.512420630490041	1.19167608134672	0.252011070806665
FAM185A	-1.14431251359056	0.779906926397934	0.509489236261117	1.19385213769607	0.252494055523956
MCCC2	1.1442659212559	1.16381329352259	0.897500322853111	1.50914862946692	0.252513371755906
SPTLC2	-1.14232096893615	0.86708059380014	0.678865195463684	1.10747871767278	0.253320628275936
MMAA	-1.13955113690289	0.749110261510973	0.455797010372848	1.23117565743136	0.254473352332241
NAGS	-1.13887557751516	0.880607536782137	0.707546337869824	1.09599837117689	0.254755053321501
HPDL	1.13392446121436	1.1061866281472	0.92912030739515	1.31699721398002	0.256826235426414
OMA1	-1.13236304664025	0.827873238330621	0.596994859980443	1.14804020049097	0.257481834058473
NDUFA6	1.12917117704415	1.15495261190408	0.899431579907586	1.4830650441261	0.258825630079379
ECHDC1	-1.12128588420738	0.884404226886514	0.713507439658877	1.09623361027417	0.262166192131694
ADCK1	-1.12021257007867	0.810502933883316	0.56118797968256	1.17057925261523	0.262623188617785
SUCLG1	-1.11690799807926	0.829776547878873	0.598071613025321	1.15124862042337	0.264033664526093
STARD7	-1.11502565562812	0.800702547172105	0.541745530384783	1.18344228625666	0.26483942777954
SLC25A28	-1.11427882957203	0.821900681946553	0.582090582235372	1.16050792024506	0.265159586266008
C12orf65	-1.11319098156361	0.799799292492349	0.539712435091562	1.18522173416801	0.265626415095705
PDPR	-1.10937452009972	0.866010910368649	0.671651650737834	1.11661289904322	0.267268649553477
DNAJC4	-1.10688050856062	0.867481633199123	0.674430474877528	1.11579237885784	0.268345594076742
LONP1	1.10025699783545	1.15880808359521	0.891216810187272	1.50674466555834	0.271220162644161
COX6C	1.09951799009885	1.13117615203566	0.908048456627336	1.4091312832431	0.271542191382911
APOO	1.09858662954718	1.13927171850757	0.902817107491116	1.43765557588746	0.271948412299382
UQCRH	1.09843661078891	1.13412179566185	0.906002150225859	1.4196790229191	0.272013883155518
ABCB6	1.0980472693142	1.11759541755427	0.916428939527593	1.36292020413733	0.272183849042956
PYCR1	1.09778146345911	1.08662524168633	0.936835690974475	1.26036446651779	0.27229992756128
DIABLO	1.09239991176124	1.2745679694984	0.824750577194975	1.96971490992631	0.27465736178195
PARS2	-1.08955683100176	0.817325789614998	0.568599054066958	1.17485500827287	0.275908407838643
PYURF	-1.08789384538392	0.809036743035267	0.552284197213097	1.18515151236268	0.276641973468518
SLC8B1	1.084870432211	1.19091380122079	0.868545020996562	1.63293283324661	0.277979045300831
GSR	1.08198860402487	1.08477319972628	0.936104538797346	1.25705286757417	0.279257591725281
LETMD1	-1.08184380558869	0.853411699726364	0.640382427216071	1.13730717502044	0.279321938061065
RPUSD3	1.08016165139721	1.21466534534873	0.853511214227066	1.72863797990899	0.280070201962807
AIFM2	1.07933281608809	1.12746646380812	0.90675190343814	1.40190566150678	0.280439388885379
TIMM8A	1.0785000106896	1.19339789346428	0.865451988704791	1.64561240913709	0.280810676995425
IDH3B	1.07515212678073	1.16789767416411	0.880092375784014	1.54982024029335	0.282306624828448
SUCLG2	1.07501160125476	1.14441615195278	0.894897952345635	1.46350578344442	0.282369534335143
LYRM1	-1.07303016405519	0.867811996972986	0.669816482286776	1.12433432440949	0.283257582483838
DNAJA3	1.06563317531024	1.22300989374419	0.844548408358762	1.77106863904098	0.286589496290359
MRPS6	-1.06558600268278	0.883460271966495	0.703407866187573	1.10960097215487	0.286610829405074
PLD6	-1.06540738328199	0.866111346361357	0.66486271919295	1.12827632327837	0.286691617073527
TIMM8B	1.06004200418761	1.10873186117391	0.916103511642614	1.34186401903207	0.289125490399
CKMT1B	1.05858473041942	1.11389567655692	0.912246366903214	1.36011895828556	0.289788944012957
LYRM4	-1.05773409921821	0.849789667691966	0.628531014657839	1.14893690601592	0.290176684644597
MRPL24	1.05570143959529	1.11822408702104	0.908725158169738	1.37602122880864	0.291104639253666
CS	1.05321816246775	1.17116865332117	0.872817709929917	1.57150341808744	0.292241016161538
MRPL1	1.04921024268496	1.16914377555749	0.873148485169472	1.56548077576922	0.294081365510427
DDX28	-1.04593899187904	0.847152206216084	0.620825937401798	1.15598723774375	0.295589200473448
METTL8	1.04464003876021	1.22676269858554	0.836040115386941	1.80008912364731	0.296189367200042
PIGBOS1	-1.0362097453017	0.850300286694541	0.625691416556971	1.15553859046265	0.300104301298621
TMEM70	-1.0353356481554	0.884233917209903	0.700511102104046	1.11614165428065	0.300512187260807
NDUFB9	1.03393413948333	1.10355153654344	0.915531600851935	1.33018455362345	0.301166953660058
PDP1	-1.03338982080674	0.901279365894511	0.740021283361356	1.09767720692779	0.301421508165924
ABHD11	-1.03119858258993	0.913094335977442	0.76819077730315	1.08533100243804	0.302447705211898
NDUFB10	1.03117704285603	1.14591414864574	0.88454796662227	1.4845087950185	0.302457804185675
SUGCT	1.02638671962063	1.10392694647714	0.913992179704865	1.33333165230347	0.304709335376562
HIGD2A	1.02391119275547	1.1356619872634	0.890208323256333	1.44879363135733	0.305877223058843
AADAT	-1.0233227067335	0.896613887108208	0.727496617564398	1.10504494886415	0.306155291143513
SLC25A6	1.02135323477217	1.1142861921218	0.905337646812266	1.37145928077236	0.30708711326277
DHX30	1.02132413888072	1.21939976818095	0.833351272476797	1.78428454332403	0.307100893552181
MRPS22	1.01654723565774	1.20654287378398	0.840085392996553	1.73285444362545	0.309368865895658
LACTB2	1.01279018322453	1.098383614553	0.91598068669204	1.31710917298426	0.311160390680602
OGG1	-1.0118035903487	0.784313203935034	0.489897548635544	1.25566499277275	0.311631972974259
GLUD1	1.01159026526715	1.18357102947545	0.853846399489736	1.64062339860042	0.311734002324281
PTGES2	1.00737384584154	1.13567299196725	0.886648585690037	1.45463847289632	0.313755154922309
TRIT1	-1.00587788820999	0.86119669870398	0.6436482505417	1.15227494712282	0.314474314061645
GCAT	-1.00129195548023	0.914055148791817	0.766616928716131	1.08984915899529	0.316685680940788
REXO2	0.99970184060812	1.17430560053055	0.856982266884629	1.60912739589168	0.317454821062025
MTG2	-0.998821124627613	0.871091211830373	0.664434019623342	1.14202445527738	0.317881350796908
COA3	-0.996493552216514	0.904467597256617	0.742376377794499	1.10194997976297	0.31901039835079
RARS2	-0.995375244178746	0.847984421104615	0.612884377612917	1.17326791920658	0.31955379423655
CMC2	0.995152449480148	1.19469849054425	0.841583459732704	1.69597497051813	0.319662124472092
NDUFAF4	0.988928881570609	1.16527718406795	0.860543313174506	1.57792280170095	0.322697938621134
NDUFS1	0.987185151002524	1.18719823763027	0.844431253922824	1.66909934809356	0.323551879883838
FASTKD2	0.982122750465516	1.21664538367997	0.82263513753372	1.79937121828706	0.326039378661636
TOMM7	0.979066080999552	1.13578382179704	0.880239521955817	1.46551575756291	0.327547329761192
ARMCX2	-0.978201675405381	0.906215053854193	0.743940392740108	1.10388645628878	0.327974588001476
MCUR1	-0.977343288332562	0.850322306036297	0.61428581179646	1.17705473617949	0.328399229068722
MGST1	0.977003597451579	1.07636601922895	0.928635242264628	1.24759836222177	0.328567371379513
CBR4	-0.9730914501989	0.852930622857484	0.61910271701746	1.17507261301122	0.330507852944819
ISOC2	0.966070892378013	1.12894974391688	0.882690386907368	1.44391231987411	0.33400870847913
ME2	-0.96583954482045	0.865095142659221	0.644686413421619	1.16085834953549	0.334124477274988
MMAB	-0.963367395970795	0.862979827162213	0.639432075326317	1.16468067653451	0.335363182244122
IDH2	-0.96336127777891	0.91521755543605	0.764267510170721	1.09598165908064	0.335366251514385
NIT1	0.96141217440062	1.16915193907357	0.850172730475255	1.6078100457014	0.336344965323716
COX7C	0.961077602439975	1.13392053663095	0.87754642133791	1.46519403661076	0.336513150357462
ATPAF2	-0.95764229353206	0.81235006889333	0.530907277713202	1.24299037163978	0.338243164709507
TUFM	0.945791940118428	1.142117376828	0.86719509789746	1.50419681293759	0.344254717312496
DNAJC30	-0.942532462327938	0.866125496212434	0.642365609626318	1.16782929214662	0.34592009920795
ARL2	0.939034131225564	1.11513602524789	0.888269118054581	1.39994550022086	0.347713220804842
HINT2	-0.938199282674952	0.884942247026539	0.685514268044333	1.14238728072941	0.348142006956861
MFN2	-0.937114243392988	0.858364254392021	0.623658095994657	1.18139922811855	0.348699795540764
COMTD1	0.930050579266501	1.07542430127739	0.922633701125408	1.25351743207218	0.352344897130112
SPATA20	-0.928718887770563	0.904932846702062	0.732925286665173	1.11730823310289	0.353034789679857
PDK1	-0.926246957847101	0.892036173900317	0.700471392248635	1.13599005520024	0.354317654242188
MRPL27	0.924490353217847	1.13344535484739	0.869097954625869	1.4781974409066	0.355231071771085
APOOL	-0.920018943999475	0.86341753342925	0.631464394563062	1.18057303539479	0.357562859699904
AKR7A2	-0.918925138923151	0.877293541094876	0.663558879949763	1.15987289222179	0.358134729883596
GCSH	0.916857739374378	1.14964428978814	0.853290885369593	1.54892313477601	0.359217191620364
LYRM2	-0.915088518639124	0.833861054128472	0.565053792571527	1.23054524495423	0.360145161899873
MRPL35	0.914481684460531	1.18812220177952	0.821135717224913	1.71912430156141	0.360463797562199
SDHC	0.91186529412806	1.16105799067135	0.842280725531458	1.6004826144528	0.361839633252585
NDUFS4	0.907378703525148	1.12820818769922	0.869414688060302	1.46403520928702	0.36420656736524
AGK	-0.906619186922341	0.843124986000979	0.583018543454471	1.21927466973383	0.364608211830193
HIBCH	-0.906186092356669	0.866899650286586	0.636507285879061	1.18068562660537	0.364837362990396
GUF1	0.901361327673408	1.15239973427163	0.846545411390523	1.5687583083912	0.367396236108926
LAP3	0.901220637645195	1.11259166760364	0.882196329481202	1.40315729895295	0.367471020188201
IMMP2L	0.900993950029054	1.13758817698101	0.859406766488493	1.50581413932154	0.367591536414125
ETFDH	-0.896284961880562	0.834070265727617	0.560907672675316	1.24026331259268	0.37010058865391
COQ9	0.894523598733366	1.13632837678665	0.858797984810015	1.50354588940521	0.371041809224984
SLC25A5	0.894451409541407	1.10691432669731	0.886031819823567	1.38286153977149	0.37108041666632
COX15	0.889006672917974	1.16487320027906	0.832063114140867	1.63080125734147	0.373999493570909
MRPS15	0.88461080193537	1.0998983678423	0.890698831197231	1.3582328585253	0.37636657869869
SLC25A39	0.88088502074114	1.1034903721815	0.886357206551578	1.37381519831576	0.378380055799872
PDK3	-0.879694267483085	0.912125705521259	0.743115503304662	1.11957468115366	0.379024955680623
PISD	-0.871396439839527	0.863244767882371	0.620133289042935	1.20166348500071	0.383537729018811
RAB24	-0.871234978751385	0.901017419212112	0.712687612470756	1.13911393367591	0.383625864684931
NT5M	0.868902297152372	1.11798803869812	0.869317689306667	1.4377911206074	0.384900573002055
FUNDC1	0.867618493883332	1.12981550854675	0.857556363335764	1.48851217007756	0.385603218734836
GDAP1	-0.866021730229026	0.912481160116164	0.741657519652869	1.12265007163501	0.386478245269586
MTRF1	-0.863013565704819	0.858153918733552	0.606299352091797	1.21462796504235	0.388130008382054
LRPPRC	0.862964833144012	1.12776295614381	0.858263821921715	1.48188616689267	0.388156802459562
ALDH1B1	0.853762435842915	1.08658555106463	0.897992584628469	1.31478609065677	0.393236631870049
GPAT2	0.842755800326088	1.06312827653978	0.922054145462008	1.22578672623626	0.399365032367914
TIMM10	0.840079146853924	1.09954474329693	0.881171180282393	1.37203606922828	0.400864011334778
GLDC	0.839357594156688	1.06259393636981	0.922141568089688	1.22443875504814	0.401268672700797
TRMT61B	-0.838790571481806	0.859988949848096	0.604540395509441	1.22337729513938	0.401586842525145
CYB5B	0.838224858746608	1.12762135260263	0.851517204947563	1.49325217089853	0.401904428149067
SLC25A46	-0.837643516157532	0.894380660796918	0.68879798372043	1.16132274674631	0.402230945153775
FPGS	-0.833011933792886	0.895415619939319	0.690470644035652	1.1611922090491	0.404837998888105
TOMM34	0.832199668607668	1.11365038033752	0.86426667455726	1.43499362654615	0.405296250909785
COQ4	-0.828203930706267	0.883888635180292	0.660003285130786	1.18372004655411	0.407555018148662
ALKBH1	-0.826441239771331	0.82562794757963	0.524122322194604	1.30057713430388	0.408553837704134
NARS2	-0.824695018464138	0.883461398301873	0.658108319961541	1.18598111984834	0.409544760591474
UQCRC2	0.824115600436076	1.13938036872693	0.83540209341542	1.55396740668062	0.409873876760457
FAHD2A	-0.819659365722136	0.862668964757441	0.605947772538795	1.22815492767247	0.412410320598743
DMPK	0.817492693917399	1.08812259472243	0.888672214946295	1.33233689681298	0.413646922832078
SCP2	-0.813300889975272	0.872227893057549	0.627414939242704	1.2125651619738	0.416045566919752
PICK1	-0.809954837493654	0.895540804320019	0.685708435213685	1.1695835883253	0.417966132817236
PNPT1	0.809770080535077	1.11008351831129	0.862138471589262	1.42933584132346	0.418072331453716
MT-CYB	-0.809168109149967	0.944783532266432	0.823345923540535	1.08413231585993	0.418418455922084
TAMM41	-0.808230529224614	0.818416155686577	0.503426509319255	1.33049212047757	0.418957886095599
COX7A2	0.806102554255038	1.0857753635905	0.888876678232925	1.32628987693066	0.420183718929675
IMMP1L	-0.800675115792648	0.858076127065196	0.589935307556651	1.24809386793399	0.42331975212175
MPST	0.795038514307812	1.09022312225424	0.881111357253386	1.3489628144198	0.426591098798456
FASTKD1	-0.792560865898889	0.877520137349283	0.63523537256196	1.21221459747724	0.428033716723993
SLC25A25	-0.792409347437563	0.908000427290921	0.715179581451956	1.15280804617865	0.428122030825896
NDUFAF5	-0.791831789300535	0.857220091586429	0.585437653424236	1.25517428050866	0.428458763799229
MRPL54	-0.791186056081322	0.928935499989558	0.773887543902818	1.11504723126699	0.428835427179723
BCS1L	0.787717173875224	1.1484086176491	0.813892523822019	1.62041340163375	0.430862157760767
PXMP2	0.787448182986115	1.10220945844814	0.865104183633181	1.40429986731825	0.431019550297364
OCIAD1	0.785305677201026	1.14343882490484	0.81832390005967	1.59771985909788	0.432274368003452
RHOT2	-0.782864465824844	0.91585401967164	0.734945652950638	1.141293348673	0.433706706232005
PRDX4	0.778594423459556	1.07022060985827	0.902152245532025	1.26959962626923	0.436218665080876
FASTK	0.775745934265665	1.08922538168814	0.8776831206202	1.35175429974695	0.437899012411279
GLRX5	0.773696618456511	1.13888503240737	0.819223558566107	1.5832785855326	0.439110220201114
DNAJC15	0.772828197483209	1.08399005250454	0.883482386590671	1.33000323692157	0.439624063240669
ACLY	0.771320352597385	1.09642725995659	0.867738906786562	1.38538531230294	0.440517071605925
MRPL4	0.768470347154176	1.10697056110361	0.854216879888953	1.43451136590667	0.442207800930455
CHCHD10	0.76841347721834	1.07243234014105	0.897235627575967	1.28183844781959	0.442241576035505
TXNRD2	-0.768025543932316	0.902138816446601	0.693638476435588	1.17331213851031	0.442472009328257
SLC25A10	0.76744304177229	1.083299319944	0.883089559191292	1.32889966184837	0.442818145951842
CHCHD1	0.765581764295598	1.11132586103816	0.848170010712467	1.45612925924457	0.44392519839111
NDUFAF1	-0.763285400024081	0.879732221969775	0.633072910613522	1.22249549680123	0.445293207292411
PARK7	0.76209156058081	1.12143496881638	0.835149017081052	1.50585867140179	0.446005359439852
MT-ND1	-0.760369934663855	0.951062349175212	0.835679006801458	1.08237682729485	0.447033489436295
MSRB2	0.758983351647632	1.10841707552608	0.849696214684847	1.44591489532935	0.447862515877832
SNAP29	0.756000046198786	1.15248634619269	0.797704873309305	1.66505787115276	0.449649168005983
SIRT5	-0.753950638355392	0.851984740147736	0.561801543462109	1.29205411749383	0.450878862282634
RMDN1	0.751758435150416	1.13810455296595	0.812279646915978	1.59462566666502	0.452196342059441
MRPL18	0.75120540098448	1.10909382945243	0.846529090261608	1.45309728475996	0.452529050278794
OXCT1	-0.74982677651555	0.943178938178949	0.809442261478613	1.09901169207468	0.453359039681133
BNIP3	0.749458198903205	1.07186396008084	0.893962240375557	1.28516876555942	0.453581084227618
ADCK2	0.749451224583632	1.10894282146385	0.846180057832482	1.45330083106221	0.453585286402564
PC	-0.745049859521361	0.929342045867615	0.766402218287683	1.12692345821631	0.456241578863436
QTRT1	-0.744670271311115	0.916632716495678	0.728943622404491	1.15264817624539	0.456471075275128
TSFM	0.744668455325309	1.0872966785776	0.872328635952513	1.35523931981781	0.456472173363562
HSCB	-0.744150960568252	0.905693883525844	0.697714950025112	1.17566838810979	0.456785152061193
ACOT9	0.740128443091899	1.14312859040919	0.802141792086575	1.62906731341317	0.45922206151822
CPT1A	-0.737398268083607	0.921181749505185	0.740588839325192	1.14581231928183	0.460880188384169
FAM162A	0.735732672975758	1.08455118589084	0.873665619144386	1.34634034926219	0.4618934016479
GTPBP3	-0.735710523439996	0.903057022548607	0.688237802708256	1.18492762641818	0.461906884006355
MRPL42	0.733993239679501	1.12831191674259	0.817389108240362	1.55750519382865	0.462952858290573
MTERF1	-0.731401992683476	0.871223879738877	0.602134322845578	1.26056765048738	0.464533648484706
PDSS2	-0.724937000139801	0.877797221951012	0.617096194824629	1.24863509016433	0.468490680607684
GLYCTK	-0.723105064074165	0.909695509526007	0.703857099803434	1.17573001719083	0.469615338305028
ACAD9	-0.721237748726503	0.891284103902485	0.651906108309184	1.21856099175021	0.470763250218021
ROMO1	0.719788430176211	1.06203796086028	0.90149107996404	1.2511766953404	0.471655269553477
LYRM7	-0.719772175614902	0.869298136070339	0.593640049212553	1.27295867315178	0.471665279110815
BBC3	-0.71888731708265	0.9111381970084	0.70696082253545	1.17428404458168	0.472210351587895
PTPMT1	-0.717657938220449	0.888786179194631	0.644109691574856	1.22640736921063	0.472968224086455
NTHL1	-0.71339637136952	0.931155657667719	0.765446844017542	1.13273817193599	0.475600517855154
CRYZ	0.708508506743638	1.06999829885431	0.887360212858361	1.29022728646261	0.478629531376624
RFK	0.702518679493896	1.07589689152573	0.877270219302512	1.31949551657534	0.482355756736578
MRPS18A	0.700824342438676	1.08744877564137	0.860173240166696	1.37477520158003	0.483412644670451
MT-CO1	-0.698285826164028	0.947895204307169	0.815700444680296	1.10151382680769	0.484998461490998
MRPS18C	0.698246530702179	1.1780085950473	0.743765729617119	1.86578138081153	0.485023031581181
TRMT5	0.69522979879109	1.14114970584225	0.786474415151146	1.65577242699446	0.486911300538768
COX10	0.694776511617595	1.15407909672068	0.770316264617946	1.72902822212667	0.487195370290235
HDHD3	0.69193949512615	1.07820309889448	0.871112109727935	1.33452618725361	0.48897532653355
GPX1	0.691629754797917	1.06445044803388	0.891777326987993	1.27055793192954	0.489169870844556
NDUFA5	-0.689707326195096	0.873477703009264	0.594709941312137	1.28291667021906	0.490378257750296
DHRS2	-0.688201500071398	0.942752226615349	0.797045469891962	1.11509542976095	0.491325899426406
BOK	-0.687234668251269	0.944461296962023	0.802436109910515	1.11162387938731	0.491934860962328
GSTK1	0.681707650815928	1.08550900496962	0.857401955271875	1.37430267405501	0.495423828696023
MRPL53	-0.666172508624169	0.891835707192722	0.636819863394415	1.24897317804192	0.50530084269335
GUK1	0.664794110604915	1.0719394178299	0.873416756488924	1.31558515102987	0.506182190058928
CMPK2	0.664732751878052	1.06336384570335	0.88717717173648	1.27453986010011	0.506221441605466
CASP3	0.66428590718281	1.11255578392471	0.812175987154939	1.52402975699919	0.506507339122484
AARS2	-0.663040021674093	0.907972479856123	0.682549928963784	1.20784427511064	0.507304922321537
MRPL41	0.661570939402412	1.06179837929158	0.888976122379899	1.26821831304985	0.508246237009115
PRDX3	0.661465790581767	1.08863749349142	0.846439318167382	1.40013769067486	0.50831364624636
GTPBP10	-0.660517567001607	0.875949329893899	0.591283809236394	1.29766318061791	0.5089217490454
MPV17L2	-0.658389030768654	0.908334231481882	0.682255255665066	1.20932901466255	0.510288182111069
SUCLA2	0.656594438555366	1.11397973041694	0.807135538349334	1.53747515853118	0.511441725828247
ATAD3B	-0.655744121992327	0.936639910107588	0.7702039292264	1.13904160692547	0.511988774772083
MTRF1L	0.651220689191881	1.14665464923004	0.759555639933659	1.73103432516899	0.514904036803236
DHRS7B	-0.646530121839601	0.913558902429289	0.694558669796075	1.20161176370147	0.517936096075361
POLRMT	0.641595509458377	1.09551295755038	0.829073072196545	1.44757884486722	0.521135849408178
ACADS	-0.639612713342776	0.935966507167408	0.764175881521758	1.14637653938338	0.522424415141395
GRPEL2	0.636705301364952	1.11434136321708	0.798513765194565	1.55508486879238	0.524316819768785
IDH3A	0.630789895600454	1.1168365690265	0.792279223783191	1.57434889679274	0.528177911054264
TXN2	0.630781235567533	1.0921031428294	0.830559576420804	1.43600689033964	0.528183574213789
THEM4	-0.63075876557809	0.916621075068429	0.699361768303698	1.2013727849286	0.528198268428613
PCCB	0.625279585637878	1.08959518672156	0.832637534105154	1.4258517329545	0.531787575943751
FBXL4	-0.624025061025902	0.891810054728067	0.622423138640349	1.27778857233911	0.532611126820982
MRPL14	-0.621270166450507	0.943531661621382	0.785450811932632	1.13342806825994	0.534421879499834
SPG7	-0.619329804351569	0.916393071717947	0.695158502151967	1.20803566279201	0.535699113905043
ACAD10	-0.617534063920398	0.910907556077086	0.677409989749236	1.22488978354968	0.536882520198265
SDHAF2	0.616284540926918	1.11790538021534	0.784265170809576	1.59348200790859	0.53770673997658
MPC2	0.615240863325081	1.07700806128476	0.850314323773109	1.36413833289944	0.538395665159204
YRDC	0.614149536849095	1.09515582483791	0.819397408266688	1.4637174447665	0.539116516338878
FUNDC2	-0.613252341771507	0.914190326197962	0.686292194626423	1.21776694978859	0.539709500400563
D2HGDH	-0.609910978543734	0.941889465725517	0.777048460060562	1.14169940646373	0.541920779593435
MRPL36	0.605140855597582	1.06645864470417	0.865839451605802	1.31356227618751	0.54508540995279
FDXR	-0.597447725076817	0.931014611705914	0.736404404504664	1.17705462094968	0.550208498308373
MSRB3	-0.595717347263232	0.94773713469976	0.794308063559167	1.13080266674393	0.551364067442917
PDK4	-0.59561267485015	0.964406172639411	0.855982320624112	1.08656363971029	0.551434007310766
SLC25A40	0.595554544011713	1.09412417591461	0.813764577339138	1.47107375481388	0.551472850977087
PAM16	-0.595515672308513	0.918678074601236	0.694906542579292	1.214507783479	0.551498826227475
HMGCL	-0.594737162496821	0.912878756302425	0.676011312783732	1.23274212716447	0.552019176663082
ABCB7	-0.594149877791773	0.900910910973022	0.638539352494271	1.27108919182475	0.552411873068527
MTG1	-0.593363271369832	0.914034697783711	0.679229943798564	1.2300097137654	0.552938063518751
GRHPR	0.591769006622111	1.10478933441059	0.794211237397718	1.53681969727177	0.554005280086794
NDUFV2	0.591645681837572	1.07978095457038	0.837343248153765	1.39241214689871	0.554087876913018
ACADVL	-0.588140362499233	0.934387205610695	0.745261028018146	1.17150825977137	0.556438083069432
IBA57	-0.585363693063118	0.867109291818007	0.537932098415884	1.3977201326548	0.558303196049835
RTN4IP1	0.580993280786987	1.09929001778949	0.798768969960637	1.5128761740346	0.561244982095384
TST	0.580029635777806	1.04586874116034	0.898798438534472	1.21700414335372	0.561894632789099
GATC	0.574982377034655	1.11921853850257	0.762389415726621	1.64305814205718	0.565303215640997
NDUFA11	-0.572174328905245	0.93809833367616	0.753678397682097	1.16764456345369	0.567203877152487
IDI1	0.571726359763253	1.0628591332166	0.862408434639467	1.30990084475947	0.567507373444832
POLG	0.565325361028545	1.10256891345364	0.785934691375576	1.54676746332019	0.571852481796414
CDK5RAP1	-0.557461173806663	0.909140146414975	0.650402217666667	1.27080717650173	0.577212379406344
C6orf136	-0.552957906127646	0.931106648088402	0.722965603900467	1.19917128205974	0.58029223444456
BDH1	-0.551869474873299	0.935834487083565	0.739456243137727	1.18436512686504	0.581037783469124
THEM5	0.54701659325356	1.04119013059617	0.900989617220854	1.20320685980239	0.584367332322647
GPX4	-0.5461745247253	0.946680289214436	0.777693150502129	1.15238712004662	0.584945975881268
MRPL48	-0.54520411630294	0.922509355707341	0.690309118398421	1.23281510947157	0.585613140779702
SETD9	-0.544658980373383	0.918971546403591	0.678022275878219	1.24554713487185	0.585988081756381
ECSIT	0.541708616455463	1.07420353605003	0.829109267782124	1.39175049863948	0.588019253006138
MACROD1	-0.538699979498623	0.952185368281319	0.79671589591367	1.13799282808244	0.590093887885445
HEBP1	0.536901953397324	1.09260464603128	0.790775965210358	1.50963732466449	0.591335341626383
PYCR2	-0.533180696076197	0.922548101990486	0.685944847279884	1.24076302032338	0.593908502941512
NDUFA4	0.531109829447141	1.06142988498319	0.851812773187297	1.32263031994674	0.595342673121226
ELAC2	0.53047344887759	1.09927897751675	0.774862496913682	1.55952091528941	0.595783713096101
MRPS21	-0.529238835250919	0.944702125966937	0.765249211445102	1.16623721195494	0.596639779701575
POLG2	-0.524318101378494	0.929604309320769	0.707607988811522	1.22124705426117	0.600057308859491
MICU2	-0.523580711694752	0.909840497778607	0.638787579330952	1.29590768227686	0.600570200007877
NBR1	0.522221978908616	1.09240089814534	0.784024168527165	1.52207007152662	0.601515784694776
HTRA2	-0.51880625176217	0.917675282882142	0.663337261513477	1.26953206712889	0.603895857834946
NADK2	-0.518580542212338	0.931847477112706	0.713648395062136	1.21676126032023	0.604053280798884
SYNJ2BP	-0.518319490366494	0.921347655855691	0.675920054544024	1.25589039301909	0.604235376515856
TFB2M	0.515782925026142	1.0706972886739	0.825912182290175	1.38803217648976	0.606006029529811
TIMM17B	0.51141446969276	1.0557833920742	0.857483513696355	1.29994169354306	0.609060864974746
HADHB	-0.509475004897111	0.892870397997586	0.577391221885248	1.38072335948815	0.61041931406339
TRUB2	0.509426541240853	1.08462986513424	0.793486506613029	1.48259855024208	0.610453276420374
ACP6	0.508765737061188	1.07850971328213	0.806070413143868	1.44302927222848	0.610916438354084
TEFM	-0.503999663170468	0.907269672573848	0.62141371762175	1.32462196348439	0.614261613679437
MTFMT	-0.502681905110669	0.887557828895452	0.557461253955832	1.41311865899836	0.615187933684615
L2HGDH	0.499994319172218	1.08999051237392	0.777547077105765	1.52798377364815	0.617079077502633
MRPL40	0.499517232671981	1.06546823546052	0.830767249299058	1.36647486011656	0.617415049743177
DBI	-0.497814397226378	0.942819295949443	0.747738580756184	1.18879545297189	0.618614867324778
SLC25A37	0.495878346032443	1.04221399907865	0.885079070794431	1.22724630568944	0.619980244627758
NDUFS5	-0.495130888287109	0.946998033724566	0.763356583511187	1.17481828970831	0.62050773150758
ATAD3A	0.494583210288228	1.05619526567655	0.85045083630297	1.31171420100779	0.620894356189876
AKAP10	-0.492206348760899	0.911741443067651	0.631074930226133	1.31723258077961	0.62257347677729
RPUSD4	0.49076919705239	1.09542635168089	0.761204789089864	1.57639430171169	0.623589698586241
TOP1MT	-0.484879541991339	0.943092546458303	0.744215308888246	1.19511590337194	0.627761795100497
MFN1	-0.483368799782353	0.926344553164114	0.67926914076202	1.26329046865602	0.628833897443514
PNKD	-0.480571273777376	0.954418644687973	0.789052710492037	1.15444118905567	0.630821235922462
COX17	0.479784187057086	1.06217098617827	0.830209467883855	1.3589428301205	0.631380858022409
MRPS26	-0.47821878455839	0.955911821153971	0.794622688205455	1.14993873618877	0.632494494020075
DHTKD1	-0.475075884123413	0.940459264550352	0.730048911450019	1.21151283757395	0.634732886728866
ATAD1	0.474867173829412	1.08149579853412	0.782692055803801	1.49437208870835	0.63488165008158
TIMM21	0.473416701904302	1.09908658982054	0.743289799814341	1.62519562655786	0.635915916354073
NDUFA13	-0.466948049994829	0.953384281126169	0.780274841008422	1.16489926334643	0.640537046440263
STYXL1	0.465144501926855	1.05969059336151	0.830009048461364	1.35293001412518	0.64182797897093
NUDT9	-0.465135700433472	0.922424981288634	0.656386155454503	1.29629157933133	0.641834281508872
CISD3	0.462588811999929	1.05750970490768	0.834435599106408	1.34021939760424	0.643659129572597
RDH14	0.461574333190696	1.10016697744116	0.733524538096975	1.65007074118085	0.644386604253035
LIAS	-0.455930978707013	0.929523483403789	0.678918243697322	1.27263321352771	0.648439611984735
LIPT2	-0.455751885047585	0.928903494271455	0.676437905453437	1.27559631817398	0.648568406965902
CEP89	0.451980942793712	1.0777060697417	0.779051820728364	1.4908512397445	0.651282711384122
AFG3L2	0.451977777441709	1.06903140996167	0.800342216923068	1.42792436950067	0.651284991737093
GFM2	0.451524685144828	1.07759050987975	0.779075447982142	1.49048633221658	0.65161143785433
DCXR	-0.451265088163812	0.961317518274687	0.809940414549325	1.14098686068903	0.651798503636006
NDUFC2	-0.451011959024166	0.929979022861369	0.678370321314638	1.27490981811548	0.651980929789616
MRPS23	0.444939425095171	1.05936555370636	0.821709981380762	1.36575604752154	0.656363530326463
ECI2	-0.441384804228968	0.954315901114727	0.775381507045016	1.1745428938474	0.658934441308627
HSD17B10	0.428716472962482	1.05244786865144	0.833117191581795	1.32952065738307	0.668129571116523
NUBPL	-0.424701701611149	0.924468720569456	0.643409669092543	1.3283021010808	0.671054143196748
GATB	0.42407820196046	1.09629082810361	0.716804353802821	1.67668286807688	0.67150878207214
PCCA	-0.421776812423791	0.948386841396462	0.741376853039129	1.21319892473968	0.673187932075278
CMC1	0.418790411585633	1.09397734607022	0.718533522684288	1.6655958225079	0.675369312968243
MT-ATP8	0.415141618553885	1.02776062131358	0.903124580723872	1.16959710461676	0.678038234037622
QRSL1	-0.411616390643779	0.926909139970291	0.645773793171081	1.33043576999547	0.680620615980887
NDUFS8	0.410656242060655	1.04834372206383	0.836843891612964	1.31329698478452	0.681324617227349
GPT2	-0.410387449695525	0.974310493874682	0.860433573417336	1.10325883113106	0.681521751238396
TOMM20	0.403259763284042	1.05513247105716	0.812882923954376	1.36957549318832	0.686757138686987
FASTKD5	-0.402370639365629	0.944207931065815	0.713873251809493	1.24886121566788	0.687411274629576
EARS2	-0.398238622461187	0.938672595114769	0.687448584128706	1.28170493206592	0.690454298738225
PET117	-0.397069994146773	0.941442063348603	0.698935424254188	1.26809019529641	0.691315846146322
MIPEP	0.391916788496617	1.06486863557202	0.777659333177059	1.45815161298506	0.695119697899194
SDHD	0.391376480689227	1.0591203845583	0.794368987141629	1.4121094946358	0.695518974369395
MRPL23	0.390221480557557	1.04585036943503	0.83498735125142	1.30996355047543	0.696372779015158
RMND1	0.389651384767375	1.06984634422257	0.761786744659267	1.50248243129822	0.69679434985306
VARS2	-0.389206619809326	0.94792862428079	0.724140030362416	1.2408769561892	0.697123306879964
TCAIM	-0.384995824375171	0.936196936273263	0.669270080556873	1.3095829754681	0.700240509209429
COX19	0.377658880979632	1.06618862256371	0.764507351417853	1.48691595545298	0.705684017614405
BOLA1	0.374948031749156	1.03929423275068	0.849652518186723	1.27126381562899	0.70769911634873
ABHD10	0.369322007980666	1.06895916200205	0.750354810235913	1.52284449228609	0.711887723302838
PLGRKT	0.368398570702209	1.03733800134629	0.853533839352534	1.26072345280815	0.712576063053897
MTPAP	-0.367549652398603	0.935902488449606	0.657381320795366	1.3324282880846	0.713209062218928
CRY1	-0.367242166175069	0.949401298368326	0.719614615703867	1.2525632549331	0.713438389246215
NDUFV3	-0.36588657796349	0.929575635543209	0.628628229462047	1.37459761063392	0.714449712197259
MT-ND3	-0.362998184685752	0.972164244422449	0.834721042418884	1.13223852054181	0.716606240388097
SLC25A13	0.360328771265599	1.04397005509817	0.826107832820724	1.31928718339388	0.718601285991806
TMEM126A	0.359416324221451	1.05346688881476	0.792985004173052	1.39951257588582	0.719283664527683
MT-CO2	0.354921567104327	1.02619887998165	0.889627576775047	1.18373594610578	0.722648350771004
ALKBH7	0.354464599019903	1.03552269272347	0.85376147151983	1.25597989944004	0.722990729869904
FTH1	0.347045912928122	1.03728630693466	0.843548449175319	1.27551995810797	0.728556826236584
BCL2A1	-0.344907678877937	0.975849799570645	0.849280088572055	1.12128241805739	0.730163777544283
POLB	0.341263685790148	1.03976857273196	0.831122415676933	1.3007935587449	0.732905083269698
MCU	0.339360752382217	1.03647106740458	0.842766596877846	1.27469726202557	0.734337981181211
COQ10B	-0.336692832384999	0.935615143646503	0.635108394159491	1.37830912812788	0.736348467153361
ISCA2	0.333168111558325	1.04904951895327	0.791511413499552	1.39038411126678	0.739007387650464
BCKDK	-0.331517896423432	0.953759586507164	0.720908119463382	1.26182147807051	0.74025332517024
MRPS18B	0.33141760516624	1.04275964134423	0.814038513105405	1.3357447493096	0.740329068602415
MRPL34	0.330736990677508	1.03991015860074	0.824665327218759	1.31133576527117	0.740843158727946
CYP27B1	-0.329986395098422	0.967722009250577	0.796372022142756	1.17594021531321	0.741410242023809
GFER	0.328610287002757	1.05394840938451	0.770398716278184	1.44186020326004	0.742450271622077
APEX1	0.326848632423955	1.04446833300679	0.804616275401499	1.35581908047986	0.743782374362477
IDH3G	-0.325004719806356	0.954885673750887	0.722847594718494	1.26140926053683	0.745177499559516
MRPL38	0.322729958649109	1.05951185837485	0.745823778127806	1.50513487362234	0.746899761465868
NDUFA3	0.31629780733505	1.03780132662703	0.824633917449828	1.30607239255879	0.751776475286254
DGUOK	0.31252243100016	1.04677340058305	0.785864923538812	1.39430393105474	0.754643518672449
MRPS28	0.312179750230651	1.03413921728593	0.837620597473511	1.27676411486833	0.754903920610705
MICU1	-0.311206553439923	0.949264593401727	0.68386986858882	1.31765312331364	0.755643601316575
LYPLAL1	-0.309046018915971	0.9591788195964	0.736388608145258	1.24937295034969	0.757286521027912
LIG3	0.308370019615859	1.05641072017292	0.745339772552171	1.49730854409511	0.757800792020912
HMGCS2	-0.308151918724874	0.978926937070095	0.854906302831573	1.12093915432301	0.757966736619867
PRDX2	0.307549045576552	1.02848565860368	0.859925214169774	1.23008691049336	0.758425497667419
CARS2	-0.306728438731209	0.945671205038524	0.661793127449722	1.35131960569801	0.759050081550123
MRPS36	-0.306574188008751	0.960190233701653	0.740568742263802	1.24494220763049	0.759167503103398
ALDH7A1	0.299249461965588	1.04164639075443	0.797369034627805	1.3607591419426	0.764749712147471
TARS2	0.297470152286962	1.04447640095353	0.784115056482386	1.3912893817431	0.766107592212684
MRPL20	-0.297303219242613	0.953066962333506	0.694216697951412	1.30843386131745	0.766235024102692
AGPAT4	-0.29606948863162	0.953245779171999	0.694292373954094	1.30878222143531	0.767177014488454
SMIM20	0.294547849811537	1.03960144264085	0.802846019153801	1.34617489998901	0.768339305281592
BAX	-0.290240954657926	0.962026440699087	0.740714419575365	1.24946247588203	0.771631906709283
ARF5	0.289205503443799	1.03337546723174	0.827236680422498	1.29088189819028	0.77242412058312
TMEM205	-0.287252919387242	0.970182556666244	0.789137942830546	1.19276256047616	0.77391866902414
FAHD1	0.281962493502268	1.04718783896217	0.760029820234686	1.44284124237604	0.777972269743045
ABCB10	0.273016611563197	1.04536520949942	0.760228834610067	1.43744668905155	0.78484044631149
SDHB	0.27236213051795	1.044654649571	0.762854447172061	1.43055250043547	0.785343587844646
NME3	-0.271927889827068	0.977343114477293	0.828532646379459	1.15288102115255	0.785677466010807
NDUFB8	-0.266075272319217	0.961004524019148	0.716931215450387	1.28817057380476	0.790181238590149
MARS2	-0.264400998324027	0.957973095915949	0.696832313034416	1.31697746406525	0.791470942339285
CPOX	-0.264196318549789	0.963235926331103	0.729544939291878	1.2717838200283	0.791628647692072
MAVS	-0.263434651327871	0.965825450266465	0.745665383723244	1.25098847384424	0.792215585616375
MT-ND2	-0.262423838230117	0.983036583951758	0.865117066986441	1.1170290845767	0.792994696243175
NDUFB11	0.261576611641625	1.03012620840266	0.824714921264842	1.28669917067896	0.793647877547048
RBFA	-0.260528746036451	0.959024474060938	0.700057990258339	1.31378822132786	0.794455944543494
ALDH1L2	-0.258314607193821	0.974258966806057	0.799358185011864	1.18742830460655	0.79616411381785
NIPSNAP1	0.258100077699638	1.02786280289124	0.834260809323056	1.26639287110311	0.796329671614885
TMEM177	0.255680124155012	1.03909269559841	0.774439848091581	1.39418656298054	0.79819784377997
SLC25A44	-0.251313965664525	0.957828492252668	0.684468445741051	1.34036189144956	0.801571378546294
ABCB8	0.248667575428371	1.04193235088643	0.753756088831058	1.4402842509801	0.803617932166346
NDUFA2	-0.247514591687762	0.97536535177414	0.800548995322647	1.18835645912974	0.804510000218087
C8orf82	-0.245634391405219	0.973781628781235	0.787760650317954	1.20372940711002	0.80596526421233
CRAT	-0.241756229192023	0.97014379033044	0.75877658379492	1.24039011484715	0.808969056964202
PMPCA	0.236061420999525	1.03896261053465	0.756440181645716	1.4270041865578	0.813385009568495
NIT2	-0.234483517608581	0.961761885494831	0.694281127518031	1.33229305497225	0.814609627594703
ACOT13	0.232865834075339	1.03171557366565	0.793285519329144	1.34180821281648	0.815865589610502
COX4I1	0.232523702973809	1.02601292838952	0.826312955187554	1.27397558348035	0.816131279345047
NDUFB7	0.230995164340557	1.02004395598226	0.861963250911676	1.20711604704196	0.817318558749487
SARS2	0.230808283709162	1.03309888743845	0.783524543680997	1.36216959613342	0.817463745510574
NDUFB2	0.230625489414711	1.03314077684448	0.783114707804494	1.36299299980111	0.817605763672701
PCBD2	-0.230330817642706	0.951418892872031	0.622772961517708	1.45349584141845	0.817834715278751
METTL4	0.229751958395031	1.03877904087571	0.750874813726238	1.4370729661417	0.818284517719811
MRPS30	-0.228480438204472	0.966577246183642	0.722091185714556	1.29384154151588	0.819272762016881
TOMM40L	-0.226869275973857	0.968384131388006	0.733687223016949	1.27815749886984	0.820525393375302
TRMT1	-0.224981785869737	0.972302448717365	0.76125681028997	1.24185693842487	0.821993443820778
SFXN5	-0.224231307642182	0.95370965347458	0.630226760012263	1.44322989889053	0.822577323664563
NDUFV1	-0.224015643163178	0.968456562994149	0.731631124538267	1.28194124463794	0.822745131055884
ECHS1	0.222098674974785	1.02943478303387	0.796924747530514	1.32978173385113	0.824237069320324
IFI27	0.217818328625789	1.00998306316197	0.923624009545194	1.10441670780769	0.827570663244838
FKBP8	0.217533759602327	1.02478140844758	0.821948348416245	1.27766779642945	0.827792400479108
PRODH	-0.210319812154693	0.986888064610301	0.872671109624857	1.11605396503723	0.83341807322966
PPA2	-0.207575851472664	0.96906767583422	0.720290081806032	1.30376938967712	0.835560161392231
BCKDHA	0.202919811826763	1.03638739623282	0.733832399058051	1.46368412794115	0.839197708821314
GATM	0.198927259445505	1.01401467324647	0.884081621512433	1.16304392325238	0.842319645680246
MT-ATP6	0.198802696887234	1.01379628239278	0.885694098554709	1.16042649925135	0.842417086291078
C2orf69	-0.19602689064791	0.966982203421503	0.691235407209425	1.35272957950577	0.844589118606432
TOP3A	0.195607625785315	1.03230312466436	0.750689605092746	1.41956107286199	0.844917291075827
CYB5R3	0.195302714536501	1.02321566033332	0.812720802511545	1.28822873035353	0.845155972098804
MPV17	-0.194343560295971	0.966609756556629	0.686291423769491	1.36142517465625	0.845906879602316
SFXN4	0.194082753446107	1.02483610711876	0.799944243297041	1.31295281546809	0.846111085617784
TMEM126B	-0.19295921558822	0.973256906548579	0.73900851411228	1.28175655362016	0.846990909011563
FECH	0.192251421276544	1.02327754653044	0.809305174325528	1.2938221210633	0.847545268711634
ALDH9A1	-0.191880632856816	0.971777746253614	0.725386724023974	1.30186003801545	0.847835708290685
DHRS4	-0.187275203642264	0.971738520802936	0.719855809436611	1.31175679967257	0.851444863653278
METTL15	0.18667510173714	1.03962193124147	0.691344724554766	1.56334997799296	0.851915378851923
COX7B	0.184744603968225	1.01960551150097	0.829802710648312	1.25282237059812	0.853429359395189
CBR3	-0.183718365585061	0.988779862452469	0.876638980707248	1.11526596228102	0.85423440049033
NDUFS7	-0.182868529444508	0.972554551492991	0.721734208763047	1.31054111630764	0.854901176338289
MRPL57	0.181432607523913	1.02277077293177	0.801947735213537	1.30439928692473	0.856028026469359
SLC25A11	0.18137533574593	1.02628565234482	0.775357682192041	1.35842110602571	0.856072977015838
THNSL1	0.180872590072423	1.02642582558103	0.773713587968797	1.3616795566245	0.85646758392991
UQCC1	0.180583003942264	1.0347662923188	0.714087022344264	1.49945489305223	0.856694897434449
NUDT8	-0.180011374483492	0.983189005890565	0.817464330883546	1.18251107086137	0.85714363852159
LACTB	0.175113769468431	1.02863184456132	0.749963430083194	1.41084675492545	0.860990238975092
ENDOG	-0.174287345984876	0.977207278420146	0.754017023485762	1.26646220874792	0.861639643489579
PNPO	-0.17232978788893	0.974808877905945	0.72928451001612	1.30299263921462	0.863178267303968
SURF1	-0.171760299800983	0.978055388936204	0.759277233048478	1.25987228668303	0.863625977774192
UQCC2	0.171453747609832	1.01883283615163	0.82314188289763	1.26104669144854	0.863866995909336
MRPL55	0.17136132892596	1.01895113828341	0.822050359706336	1.2630143761265	0.863939660015668
VWA8	0.169835297740145	1.02780058232408	0.748990119568774	1.41039782692183	0.865139666583364
PDHB	-0.169538209831302	0.966016052565673	0.647730418691089	1.44070277832608	0.865373320242774
MRPS33	0.166288393434626	1.02337253310746	0.77941818318839	1.34368348610317	0.86792999958026
BAD	-0.163837613238969	0.981972224257395	0.789920165655804	1.22071760050899	0.869858980663656
COA1	0.162910316657703	1.02464364972642	0.764489476587675	1.37332774495592	0.870589047829058
ACOT2	-0.15904769238518	0.978491692676799	0.748499768651621	1.2791533581397	0.873631298937786
MRPL33	0.158024641042986	1.01955854720916	0.801819954938553	1.29642524457615	0.874437381925256
PNPLA8	-0.156993430695805	0.975121871474852	0.711977276186981	1.33552389385374	0.875250025447729
MRPL50	0.156171808743181	1.02662732088761	0.73821248739997	1.42772396021774	0.875897597418478
CLPB	-0.156146845040599	0.977421319629549	0.733817559234298	1.30189367104166	0.875917274186523
COQ6	-0.156080119646423	0.963279689438318	0.602177424851609	1.54092086782071	0.875969868528145
TMEM14C	0.154488911627832	1.02017860905013	0.791777519046574	1.31446570447808	0.877224253502116
NDUFC1	0.150058312864034	1.02323183393035	0.75805302663692	1.38117433633036	0.880718609021573
COX20	-0.149903310834085	0.973358759113758	0.683822451783582	1.38548722913725	0.880840899567538
ACAA2	-0.149451237847152	0.984614020247112	0.803440684289055	1.206641371074	0.881197583711059
NDUFB6	0.148478728114172	1.01848776284372	0.799717600377385	1.29710453111559	0.881964972377857
ACADM	0.148074590004976	1.02008967331955	0.783967924762474	1.32732846427162	0.882283902597252
IDE	0.146512772308473	1.02216377094657	0.762361402067365	1.37050324400262	0.883516607874593
CASP8	0.145764735032778	1.02204564506612	0.762310685455254	1.37027765782242	0.884107115865169
RDH13	-0.144059533454981	0.976778525272506	0.709528220011495	1.34469110674425	0.885453458957703
CLPX	0.142940069044399	1.02725476130213	0.71047641263788	1.48527428335013	0.886337512955993
NDUFAF3	0.140957933279785	1.01798202583685	0.794542186715538	1.30425724681867	0.887903174834024
MRPL49	0.136832604497582	1.01884299013432	0.779794915611333	1.33117184757746	0.891163111362723
HIGD1A	-0.136497576603118	0.983180040217739	0.770639595750236	1.2543385997984	0.891427940211774
TMLHE	-0.134953903425533	0.98262301482191	0.761764516405632	1.26751505020687	0.892648320556697
FIS1	-0.11853719128905	0.986938611680695	0.79410867621874	1.22659259670135	0.905642028423898
UQCR10	-0.115954301605183	0.987227635529659	0.794426188741467	1.22682058845199	0.907688759442573
MRPL43	0.109294285277927	1.01610423065546	0.762983440957915	1.35319818508733	0.912969079131301
BLOC1S1	0.0964855105471013	1.01116919030074	0.806927861225443	1.26710599614281	0.92313498114218
MRPL2	0.0937519511543849	1.01205033046104	0.787857315398036	1.30003980589918	0.925306200919907
MECR	0.0929181634759123	1.01791018429295	0.699987708557948	1.48022762488484	0.925968575806738
ACACA	0.0928210953671043	1.01165226462792	0.792125001178953	1.29201868771162	0.926045691680727
TRNT1	0.0927578415786228	1.017244133217	0.708812855565464	1.45988552329359	0.926095944101845
ARMC10	-0.092552769548915	0.984268681306505	0.703531772332513	1.37703068304777	0.926258867057544
MRRF	0.0905295470433262	1.01865243049468	0.682751450074653	1.51981042887462	0.927866415201821
NIPSNAP3A	-0.0897650335528376	0.987998194369004	0.75903176115045	1.28603371036397	0.928473935159972
MTX3	-0.0893916536889975	0.987581555074709	0.750900136774975	1.29886422995294	0.928770656308794
MT-ND4	0.0862426889903023	1.00603615127109	0.877438777801521	1.1534807479107	0.931273496194174
PMPCB	-0.0834521593870387	0.985285393140838	0.695600223536189	1.39561097465086	0.933492015917782
GTPBP6	-0.0820477336309966	0.98948039269298	0.768588320936204	1.2738567850358	0.93460875543416
UQCR11	-0.0802058396427961	0.9900933194857	0.776274162715313	1.2628074311546	0.936073545764199
ISCA1	-0.0778698812280565	0.986001039586627	0.69146864647244	1.40599006914576	0.937931557938279
PUSL1	-0.0772747586068717	0.990958983362368	0.787070447792476	1.24766430941579	0.9384049705657
SUPV3L1	-0.0749736514296214	0.985465864145756	0.672077984696219	1.44498553964017	0.940235675987978
CCDC127	-0.070644857934469	0.987566194844693	0.69792993616889	1.3973995649959	0.94368040810531
TIMM44	-0.0693982077358413	0.988637820913296	0.715940597122618	1.3652036843118	0.944672655501372
STOM	0.0688414584972049	1.00632290780537	0.841013277720411	1.20412581061594	0.945115817238033
PINK1	0.0680350406661458	1.00966449967944	0.76531976871934	1.33202152038853	0.945757740477844
SDHAF1	0.0671112300514653	1.00842839423713	0.789208917974504	1.28854071861429	0.946493153764397
NUDT5	-0.0656455614400622	0.990884516288859	0.753848286699858	1.30245321498214	0.947660014535153
NDUFA1	-0.0623806986264828	0.992972061245472	0.795610176278269	1.23929223608777	0.950259665285443
STX17	0.0603392121066919	1.01008901784702	0.729033801212906	1.39949591127009	0.951885472079074
MT-CO3	0.0590468106020141	1.00424237650237	0.872591633869234	1.15575569558377	0.952914823658459
NDUFS3	0.0549264467420384	1.00831385541335	0.750390938331052	1.3548895370189	0.956197062224745
TRMU	0.0504509838000267	1.00729141491628	0.759594450241213	1.33576014706511	0.959763008886358
NDUFB1	-0.045767023444441	0.994632364699721	0.789883997177336	1.25245421409146	0.963495942735138
COX7A2L	0.0456968626986377	1.0065925267322	0.759375951330881	1.33429102290813	0.963551864402807
PITRM1	-0.0454995758261039	0.993267749964868	0.742496151214871	1.32873526887113	0.963709112991748
OXLD1	0.0398078654195357	1.00428385668267	0.813675985246358	1.23954262271615	0.968246305505436
FOXRED1	0.0362286736386003	1.00539098865622	0.751644680444549	1.34479903386438	0.971100022734558
BCL2L11	0.0338256873314292	1.00477397266593	0.762465664195496	1.32408681932202	0.97301615213471
MT-ND4L	0.0323685621460746	1.00231951947882	0.871124092573049	1.15327360096405	0.97417813311779
OXSM	-0.0318656617989296	0.993891121127416	0.68179972811551	1.44884123580723	0.974579182639754
DUS2	-0.0316772695110623	0.99277442891933	0.633850793127838	1.5549417582212	0.97472942209045
QDPR	0.0290600132922651	1.00391369989094	0.771406526078659	1.30650011732716	0.976816727088571
TMEM186	0.0272667817030022	1.00500329266655	0.702047482747134	1.43869416683657	0.978246951373069
SPIRE1	-0.0263703183296337	0.997292876962331	0.815307829730777	1.21989884822795	0.97896196845531
EFHD1	0.0253710093367328	1.0014429717532	0.89587863141447	1.11944630724192	0.979759034859643
EXD2	0.023816979141177	1.00447093223799	0.695833991917696	1.45000368684259	0.980998596494864
TFB1M	-0.023763114213932	0.99568045319558	0.696718654071193	1.42292668508694	0.981041562328348
PTCD1	0.0235163939278525	1.00477676272237	0.675431146881939	1.49471392838108	0.981238361637802
SCO2	0.0229622734402404	1.0024928151666	0.81056654582574	1.23986346295213	0.9816803664419
NFS1	-0.0225234069612027	0.995659468883693	0.681894249157838	1.45379988055639	0.982030440679625
PRDX5	0.0192570721306471	1.0017310492268	0.840042788091584	1.19454045580787	0.984636029049143
FXN	-0.0190682599831715	0.99570904478609	0.639990206897313	1.54914323873069	0.984786651688841
MTCH1	-0.0189092938554331	0.997004911238677	0.730585618481322	1.36057810048372	0.984913465442811
AIFM1	-0.0126226678391082	0.998167738390848	0.750814764922608	1.32701017682704	0.989928835658438
DNAJC19	-0.0109358518266875	0.998187949444769	0.721176967578243	1.38160150311325	0.991274626583991
ZADH2	0.0104980193364898	1.00152202256778	0.75395517202211	1.3303793102156	0.991623946304614
SFXN3	-0.00796676326744211	0.999201031114768	0.820830816256216	1.21633189301359	0.993643509829756
OXA1L	-0.00604913114498803	0.998901962890215	0.699726040938156	1.42599399348939	0.995173521088236
SND1	0.0040134426735552	1.00064930398256	0.728814900842607	1.37387288377769	0.996797744651945
